
#1 --- Matching Covariance Matrices:True

#2 -- Projected Variance Matrix on [eig0 eig1] Space:(2, 2):
4.841605760268489007e+02 -6.336127730356014354e+02
-6.336127730356014354e+02 2.354156574037108385e+03


#3. Sigma in Decomposition Form:(10, 10):
7.070331790631728381e+02 5.894872746788129092e+01 -4.042721373317976208e-01 1.062693766977413024e+00 3.010786646231538785e-02 3.277349980802831020e+00 -2.842807228188555690e+00 1.165696161157669532e-06 2.614437206689568549e-07 1.501244132143766183e-08
1.006443604814373174e+02 1.118895329314515585e+01 -2.525183797925319856e-02 -1.095386889645880435e-01 1.840693651744830430e-03 -6.997715001296244353e+00 6.193657026200267524e+01 1.193753105067766811e-06 8.575311726464155689e-07 9.024412618540725136e-09
-1.319206798993841634e+00 -4.826330454187179736e-02 2.262573023967262564e-03 -4.692789076029644547e-03 -4.767332028088959429e-04 3.124728010010169657e-02 1.038157749475427050e+00 -9.996124081766766863e-04 -2.122239821258537786e-04 1.733662927419972386e-06
5.270210892454823437e+00 -3.181796424052359962e-01 -7.132008058789517102e-03 9.006760608434027926e-03 1.420523359875975949e-03 4.282861067045761957e-03 -2.726893336957222219e-02 -3.309137464286941439e-04 7.640010852937171226e-04 5.007685347156745300e-05
3.246601396022237851e-01 1.162560315946056973e-02 -1.575379970854220166e-03 3.088712664960136835e-03 5.156952717030339204e-04 -5.266600415146064929e-05 2.175150140631453358e-02 1.584539565499304328e-04 -5.487954871285823620e-03 -3.422554512225064164e-05
4.973321134199260740e+01 -6.219635339849396871e+01 1.453104447411404099e-01 1.310502360134293588e-02 -7.411482048893811903e-05 3.387741568494009869e-02 2.563050191271664530e-02 4.358223800010510817e-05 1.007748018741577614e-08 2.612020507771539870e-12
-1.594227113530937174e+02 2.034393325987962044e+03 1.784132316509182914e+01 -3.083550531706544251e-01 1.131209463706439045e-01 9.471880472670406170e-02 9.987169919284573372e-02 4.475894703050443088e-06 -4.425810460474033576e-08 1.498767501788836897e-11
8.877709483825443892e-02 5.324944268039063372e-02 -2.332964502018216280e+01 -5.081717405388626929e+00 1.119101971045301180e+00 2.187265026355460773e-01 6.078447132148200212e-03 1.850606079246268470e-09 1.551627845871910262e-10 -1.108465287611115011e-13
1.602257297292736249e-01 3.078144113076863309e-01 -3.985744281314732973e+01 9.441220861027845501e+01 -3.119001504479654159e+02 4.069886649082698820e-04 -4.836643456813355759e-04 1.248607803955083671e-09 3.961565602253964437e-09 -1.860538440408494638e-12
2.563531596292568659e-01 9.025915962198241549e-02 9.072206848339453344e+00 1.724267027269728487e+02 -5.419868328415270753e+01 2.939275212432534240e-06 4.563718404692678431e-06 -2.485386221874681765e-11 -5.184083120736253474e-11 3.024957295735865472e-15


#4-5 -- PCA Implementation and First 10 Observations Projection onto the Reduced Dimensionality Matrix with 90% Variance (10x3):

1.790627737317936052e+01 -1.602775736926145456e+01 -5.624283711854594969e+00
1.877837657263349413e+01 -1.776950766696389294e+01 1.134201812686447397e+01
4.665112706330279480e+01 8.884263455495378992e+01 2.023802049365622935e+01
5.618887623006537879e+00 9.684165683718342521e+00 5.520198499776872936e+00
3.815514501573814954e+01 -1.646486322251629986e+01 -1.403191113698705728e+01
3.299673044833424740e+01 -3.222531397609566284e+01 -5.385767286246480268e+00
3.047984156813622292e+01 -2.900777639321188772e+01 -6.929728697566718942e+00
1.640553947389219758e+01 -1.484934903340300139e+01 7.630500460707166255e+00
6.420657951177710743e+01 -6.315444609939032716e+01 -3.690562278435116639e+01
3.121386752604198378e+01 -3.459868328051810238e+01 5.234880410992687416e+00

