6 (77.6316)
16 6 (48.6842)
16 (64.4737)
200 6 (40.7895)
200 16 6 (23.6842)
200 16 (39.4737)
200 (63.1579)
2 6 (48.6842)
2 16 6 (27.6316)
2 16 (36.8421)
2 200 6 (28.9474)
2 200 16 6 (17.1053)
2 200 16 (26.3158)
2 200 (40.7895)
2 (60.5263)
5 6 (57.8947)
5 16 6 (32.8947)
5 16 (34.2105)
5 200 6 (25)
5 200 16 (10.5263)
5 200 (26.3158)
5 2 6 (38.1579)
5 2 16 6 (18.4211)
5 2 16 (19.7368)
5 2 200 6 (19.7368)
5 2 200 (21.0526)
5 2 (39.4737)
5 (59.2105)
14 6 (53.9474)
14 16 6 (31.5789)
14 16 (34.2105)
14 200 6 (21.0526)
14 200 (23.6842)
14 2 6 (31.5789)
14 2 16 6 (14.4737)
14 2 16 (17.1053)
14 2 200 6 (14.4737)
14 2 200 (17.1053)
14 2 (34.2105)
14 5 6 (47.3684)
14 5 16 6 (27.6316)
14 5 16 (28.9474)
14 5 200 6 (17.1053)
14 5 200 (18.4211)
14 5 2 6 (28.9474)
14 5 2 16 6 (13.1579)
14 5 2 16 (14.4737)
14 5 2 200 6 (13.1579)
14 5 2 200 (14.4737)
14 5 2 (30.2632)
14 5 (48.6842)
14 (56.5789)
13 6 (52.6316)
13 5 6 (44.7368)
13 5 (46.0526)
13 14 6 (40.7895)
13 14 5 6 (39.4737)
13 14 5 (40.7895)
13 14 (42.1053)
13 16 6 (34.2105)
13 16 5 6 (28.9474)
13 16 5 (30.2632)
13 16 14 6 5 (26.3158)
13 16 14 6 (26.3158)
13 16 14 5 (27.6316)
13 16 14 (27.6316)
13 16 (38.1579)
13 2 6 (31.5789)
13 2 5 6 (26.3158)
13 2 5 (27.6316)
13 2 14 6 (22.3684)
13 2 14 5 6 (21.0526)
13 2 14 5 (22.3684)
13 2 14 (23.6842)
13 2 16 6 (18.4211)
13 2 16 5 6 (14.4737)
13 2 16 5 (15.7895)
13 2 16 14 6 5 (11.8421)
13 2 16 14 6 (11.8421)
13 2 16 14 5 (13.1579)
13 2 16 14 (13.1579)
13 2 16 (21.0526)
13 2 (34.2105)
13 200 6 (21.0526)
13 200 5 6 (15.7895)
13 200 5 (17.1053)
13 200 14 6 5 (13.1579)
13 200 14 6 (13.1579)
13 200 14 5 (14.4737)
13 200 14 (14.4737)
13 200 16 6 (11.8421)
13 200 16 (15.7895)
13 200 2 6 (15.7895)
13 200 2 5 6 (11.8421)
13 200 2 5 (13.1579)
13 200 2 14 5 (10.5263)
13 200 2 14 (10.5263)
13 200 2 16 (11.8421)
13 200 2 (18.4211)
13 200 (25)
13 (56.5789)
3 200 (50)
3 16 200 (35.5263)
3 16 (40.7895)
3 6 200 (31.5789)
3 6 16 200 (22.3684)
3 6 16 (27.6316)
3 6 (36.8421)
3 2 200 (31.5789)
3 2 16 200 (23.6842)
3 2 16 (26.3158)
3 2 6 200 (22.3684)
3 2 6 16 200 (15.7895)
3 2 6 16 (18.4211)
3 2 6 (25)
3 2 (34.2105)
3 5 200 6 (18.4211)
3 5 200 (18.4211)
3 5 16 6 (13.1579)
3 5 16 (13.1579)
3 5 2 200 6 (14.4737)
3 5 2 200 (14.4737)
3 5 2 16 6 (10.5263)
3 5 2 16 (10.5263)
3 5 2 6 (17.1053)
3 5 2 (17.1053)
3 5 6 (22.3684)
3 5 (22.3684)
3 14 200 (14.4737)
3 14 16 (13.1579)
3 14 6 200 (13.1579)
3 14 6 16 (11.8421)
3 14 6 (18.4211)
3 14 2 200 (10.5263)
3 14 2 6 (11.8421)
3 14 2 (13.1579)
3 14 5 200 6 (10.5263)
3 14 5 200 (10.5263)
3 14 5 2 6 (10.5263)
3 14 5 2 (10.5263)
3 14 5 6 (14.4737)
3 14 5 (14.4737)
3 14 (19.7368)
3 13 6 (17.1053)
3 13 200 6 (14.4737)
3 13 200 (15.7895)
3 13 16 6 (13.1579)
3 13 16 200 6 (10.5263)
3 13 16 200 (11.8421)
3 13 16 (14.4737)
3 13 5 200 6 (10.5263)
3 13 5 200 (10.5263)
3 13 5 6 (13.1579)
3 13 5 (13.1579)
3 13 2 6 (11.8421)
3 13 2 200 6 (10.5263)
3 13 2 200 (11.8421)
3 13 2 16 (10.5263)
3 13 2 (13.1579)
3 13 14 6 5 (10.5263)
3 13 14 6 (10.5263)
3 13 14 5 (10.5263)
3 13 14 (10.5263)
3 13 (18.4211)
3 (55.2632)
8 3 (47.3684)
8 200 3 (43.4211)
8 200 (46.0526)
8 16 3 (36.8421)
8 16 200 3 (32.8947)
8 16 200 (34.2105)
8 16 (39.4737)
8 6 3 (28.9474)
8 6 200 3 (25)
8 6 200 (25)
8 6 16 3 (23.6842)
8 6 16 200 3 (19.7368)
8 6 16 200 (19.7368)
8 6 16 (25)
8 6 (31.5789)
8 2 3 (30.2632)
8 2 200 3 (27.6316)
8 2 200 (28.9474)
8 2 16 200 3 (22.3684)
8 2 16 200 (22.3684)
8 2 16 3 (25)
8 2 16 (25)
8 2 6 200 3 (18.4211)
8 2 6 200 (18.4211)
8 2 6 16 200 3 (14.4737)
8 2 6 16 200 (14.4737)
8 2 6 16 3 (17.1053)
8 2 6 16 (17.1053)
8 2 6 3 (21.0526)
8 2 6 (21.0526)
8 2 (31.5789)
8 13 3 (11.8421)
8 13 200 3 (10.5263)
8 13 200 (11.8421)
8 13 16 3 (10.5263)
8 13 16 200 (10.5263)
8 13 16 (13.1579)
8 13 6 3 (10.5263)
8 13 6 16 (10.5263)
8 13 6 (13.1579)
8 13 2 3 (10.5263)
8 13 2 (10.5263)
8 13 (15.7895)
8 5 3 6 (14.4737)
8 5 3 (14.4737)
8 5 200 6 3 (11.8421)
8 5 200 6 (11.8421)
8 5 200 3 (11.8421)
8 5 200 (11.8421)
8 5 16 6 (10.5263)
8 5 16 (10.5263)
8 5 2 200 6 3 (10.5263)
8 5 2 200 6 (10.5263)
8 5 2 200 3 (10.5263)
8 5 2 200 (10.5263)
8 5 2 6 3 (13.1579)
8 5 2 6 (13.1579)
8 5 2 3 (13.1579)
8 5 2 (13.1579)
8 5 6 (15.7895)
8 5 (15.7895)
8 14 3 (11.8421)
8 14 16 (10.5263)
8 14 6 3 (10.5263)
8 14 6 (11.8421)
8 14 (13.1579)
8 (52.6316)
1 200 (39.4737)
1 3 200 (32.8947)
1 3 (35.5263)
1 2 200 (26.3158)
1 2 3 200 (19.7368)
1 2 3 (22.3684)
1 2 (35.5263)
1 16 200 (26.3158)
1 16 3 200 (23.6842)
1 16 3 (26.3158)
1 16 2 200 (17.1053)
1 16 2 3 200 (14.4737)
1 16 2 3 (17.1053)
1 16 2 (25)
1 16 (34.2105)
1 8 200 (30.2632)
1 8 3 200 (28.9474)
1 8 3 (31.5789)
1 8 2 200 (19.7368)
1 8 2 3 200 (18.4211)
1 8 2 3 (21.0526)
1 8 2 (22.3684)
1 8 16 200 3 (21.0526)
1 8 16 200 (21.0526)
1 8 16 2 200 3 (13.1579)
1 8 16 2 200 (13.1579)
1 8 16 2 3 (15.7895)
1 8 16 2 (15.7895)
1 8 16 3 (23.6842)
1 8 16 (23.6842)
1 8 (32.8947)
1 6 200 (22.3684)
1 6 3 200 (18.4211)
1 6 3 (21.0526)
1 6 2 200 (15.7895)
1 6 2 3 200 (11.8421)
1 6 2 3 (14.4737)
1 6 2 (25)
1 6 16 200 (14.4737)
1 6 16 3 200 (13.1579)
1 6 16 3 (15.7895)
1 6 16 2 3 (10.5263)
1 6 16 2 (17.1053)
1 6 16 (22.3684)
1 6 8 200 3 (14.4737)
1 6 8 200 (14.4737)
1 6 8 2 200 3 (10.5263)
1 6 8 2 200 (10.5263)
1 6 8 2 3 (13.1579)
1 6 8 2 (13.1579)
1 6 8 16 200 3 (10.5263)
1 6 8 16 200 (10.5263)
1 6 8 16 3 (13.1579)
1 6 8 16 (13.1579)
1 6 8 3 (17.1053)
1 6 8 (17.1053)
1 6 (31.5789)
1 13 200 (17.1053)
1 13 3 200 (11.8421)
1 13 3 (13.1579)
1 13 2 200 (13.1579)
1 13 2 (21.0526)
1 13 16 200 (11.8421)
1 13 16 3 (10.5263)
1 13 16 2 (15.7895)
1 13 16 (18.4211)
1 13 6 200 (14.4737)
1 13 6 3 200 (10.5263)
1 13 6 3 (11.8421)
1 13 6 2 200 (10.5263)
1 13 6 2 (18.4211)
1 13 6 16 2 (13.1579)
1 13 6 16 (15.7895)
1 13 6 (22.3684)
1 13 (25)
1 5 6 (22.3684)
1 5 2 6 (19.7368)
1 5 2 (21.0526)
1 5 13 6 (17.1053)
1 5 13 2 6 (14.4737)
1 5 13 2 (15.7895)
1 5 13 (18.4211)
1 5 16 6 (13.1579)
1 5 16 2 6 (11.8421)
1 5 16 2 (13.1579)
1 5 16 13 6 (10.5263)
1 5 16 13 2 (10.5263)
1 5 16 13 (11.8421)
1 5 16 (14.4737)
1 5 200 6 (13.1579)
1 5 200 2 6 (10.5263)
1 5 200 2 (11.8421)
1 5 200 13 (10.5263)
1 5 200 (14.4737)
1 5 3 2 6 (10.5263)
1 5 3 2 (10.5263)
1 5 3 200 6 (10.5263)
1 5 3 200 (10.5263)
1 5 3 6 (13.1579)
1 5 3 (13.1579)
1 5 (23.6842)
1 14 5 (18.4211)
1 14 6 5 (17.1053)
1 14 6 (18.4211)
1 14 13 6 5 (14.4737)
1 14 13 6 (14.4737)
1 14 13 5 (15.7895)
1 14 13 (15.7895)
1 14 2 6 5 (14.4737)
1 14 2 6 (14.4737)
1 14 2 13 6 5 (11.8421)
1 14 2 13 6 (11.8421)
1 14 2 13 5 (13.1579)
1 14 2 13 (13.1579)
1 14 2 5 (15.7895)
1 14 2 (15.7895)
1 14 16 5 (11.8421)
1 14 16 6 5 (10.5263)
1 14 16 6 (11.8421)
1 14 16 13 5 (10.5263)
1 14 16 13 (10.5263)
1 14 16 2 5 (10.5263)
1 14 16 2 (10.5263)
1 14 16 (13.1579)
1 14 200 5 (10.5263)
1 14 200 6 (10.5263)
1 14 200 (11.8421)
1 14 3 6 (10.5263)
1 14 3 (10.5263)
1 14 (19.7368)
1 (48.6842)
10 6 (35.5263)
10 3 6 (21.0526)
10 3 (32.8947)
10 16 6 (23.6842)
10 16 3 6 (17.1053)
10 16 3 (25)
10 16 (32.8947)
10 8 6 (18.4211)
10 8 3 6 (17.1053)
10 8 3 (28.9474)
10 8 16 6 (15.7895)
10 8 16 3 6 (14.4737)
10 8 16 3 (22.3684)
10 8 16 (25)
10 8 (31.5789)
10 200 6 (17.1053)
10 200 3 6 (15.7895)
10 200 3 (27.6316)
10 200 16 6 (11.8421)
10 200 16 3 6 (11.8421)
10 200 16 3 (19.7368)
10 200 16 (21.0526)
10 200 8 6 (13.1579)
10 200 8 3 6 (13.1579)
10 200 8 3 (25)
10 200 8 16 6 (10.5263)
10 200 8 16 3 6 (10.5263)
10 200 8 16 3 (18.4211)
10 200 8 16 (19.7368)
10 200 8 (26.3158)
10 200 (30.2632)
10 2 6 (23.6842)
10 2 3 6 (13.1579)
10 2 3 (18.4211)
10 2 16 6 (13.1579)
10 2 16 3 6 (10.5263)
10 2 16 3 (14.4737)
10 2 16 (17.1053)
10 2 8 6 3 (13.1579)
10 2 8 6 (13.1579)
10 2 8 16 6 3 (10.5263)
10 2 8 16 6 (10.5263)
10 2 8 16 3 (14.4737)
10 2 8 16 (14.4737)
10 2 8 3 (18.4211)
10 2 8 (18.4211)
10 2 200 6 (11.8421)
10 2 200 3 6 (10.5263)
10 2 200 3 (15.7895)
10 2 200 16 3 (11.8421)
10 2 200 16 (11.8421)
10 2 200 8 6 3 (10.5263)
10 2 200 8 6 (10.5263)
10 2 200 8 16 3 (11.8421)
10 2 200 8 16 (11.8421)
10 2 200 8 3 (15.7895)
10 2 200 8 (15.7895)
10 2 200 (17.1053)
10 2 (28.9474)
10 1 3 (22.3684)
10 1 200 3 (19.7368)
10 1 200 (19.7368)
10 1 8 200 3 (17.1053)
10 1 8 200 (17.1053)
10 1 8 3 (19.7368)
10 1 8 (19.7368)
10 1 6 3 (14.4737)
10 1 6 200 3 (11.8421)
10 1 6 200 (11.8421)
10 1 6 8 3 (11.8421)
10 1 6 8 (11.8421)
10 1 6 (18.4211)
10 1 16 3 (15.7895)
10 1 16 200 3 (13.1579)
10 1 16 200 (13.1579)
10 1 16 8 200 3 (11.8421)
10 1 16 8 200 (11.8421)
10 1 16 8 3 (14.4737)
10 1 16 8 (14.4737)
10 1 16 6 3 (10.5263)
10 1 16 6 (13.1579)
10 1 16 (18.4211)
10 1 2 3 (13.1579)
10 1 2 200 3 (10.5263)
10 1 2 200 (10.5263)
10 1 2 8 200 3 (10.5263)
10 1 2 8 200 (10.5263)
10 1 2 8 3 (13.1579)
10 1 2 8 (13.1579)
10 1 2 6 (13.1579)
10 1 2 16 (11.8421)
10 1 2 (17.1053)
10 1 (26.3158)
10 13 6 (23.6842)
10 13 16 6 (14.4737)
10 13 16 (17.1053)
10 13 2 6 (14.4737)
10 13 2 (15.7895)
10 13 1 6 (11.8421)
10 13 1 (13.1579)
10 13 200 (11.8421)
10 13 3 6 (10.5263)
10 13 3 (11.8421)
10 13 8 (10.5263)
10 13 (26.3158)
10 14 6 (23.6842)
10 14 3 6 (10.5263)
10 14 3 (11.8421)
10 14 16 6 (14.4737)
10 14 16 (15.7895)
10 14 2 6 (14.4737)
10 14 2 (15.7895)
10 14 13 16 6 (11.8421)
10 14 13 16 (11.8421)
10 14 13 2 6 (11.8421)
10 14 13 2 (11.8421)
10 14 13 6 (19.7368)
10 14 13 (19.7368)
10 14 (25)
10 5 14 6 (21.0526)
10 5 14 (21.0526)
10 5 13 14 6 (18.4211)
10 5 13 14 (18.4211)
10 5 13 6 (19.7368)
10 5 13 (19.7368)
10 5 2 14 6 (13.1579)
10 5 2 14 (13.1579)
10 5 2 13 14 6 (10.5263)
10 5 2 13 14 (10.5263)
10 5 2 13 6 (11.8421)
10 5 2 13 (11.8421)
10 5 2 6 (17.1053)
10 5 2 (17.1053)
10 5 16 14 6 (13.1579)
10 5 16 14 (13.1579)
10 5 16 13 6 14 (11.8421)
10 5 16 13 6 (11.8421)
10 5 16 13 14 (11.8421)
10 5 16 13 (11.8421)
10 5 16 6 (14.4737)
10 5 16 (14.4737)
10 5 1 2 6 (10.5263)
10 5 1 2 (10.5263)
10 5 1 6 (13.1579)
10 5 1 (13.1579)
10 5 3 6 (11.8421)
10 5 3 (11.8421)
10 5 6 (25)
10 5 (25)
10 (48.6842)
11 200 (39.4737)
11 6 200 (27.6316)
11 6 (35.5263)
11 2 200 (27.6316)
11 2 6 200 (21.0526)
11 2 6 (26.3158)
11 2 (32.8947)
11 1 200 (25)
11 1 6 200 (15.7895)
11 1 6 (19.7368)
11 1 2 200 (19.7368)
11 1 2 6 200 (14.4737)
11 1 2 6 (18.4211)
11 1 2 (23.6842)
11 1 (28.9474)
11 3 6 200 (18.4211)
11 3 6 (18.4211)
11 3 2 6 200 (14.4737)
11 3 2 6 (14.4737)
11 3 2 200 (18.4211)
11 3 2 (18.4211)
11 3 1 6 200 (11.8421)
11 3 1 6 (11.8421)
11 3 1 2 6 200 (10.5263)
11 3 1 2 6 (10.5263)
11 3 1 2 200 (13.1579)
11 3 1 2 (13.1579)
11 3 1 200 (18.4211)
11 3 1 (18.4211)
11 3 200 (27.6316)
11 3 (27.6316)
11 5 200 (19.7368)
11 5 6 200 (18.4211)
11 5 6 (26.3158)
11 5 2 200 (17.1053)
11 5 2 6 200 (15.7895)
11 5 2 6 (21.0526)
11 5 2 (22.3684)
11 5 1 200 2 (11.8421)
11 5 1 200 (11.8421)
11 5 1 6 200 2 (10.5263)
11 5 1 6 200 (10.5263)
11 5 1 6 2 (14.4737)
11 5 1 6 (14.4737)
11 5 1 2 (15.7895)
11 5 1 (15.7895)
11 5 3 2 200 6 (10.5263)
11 5 3 2 200 (10.5263)
11 5 3 2 6 (10.5263)
11 5 3 2 (10.5263)
11 5 3 200 6 (11.8421)
11 5 3 200 (11.8421)
11 5 3 6 (11.8421)
11 5 3 (11.8421)
11 5 (27.6316)
11 8 6 200 (15.7895)
11 8 6 (15.7895)
11 8 2 6 200 (11.8421)
11 8 2 6 (11.8421)
11 8 2 200 (17.1053)
11 8 2 (17.1053)
11 8 1 6 200 (10.5263)
11 8 1 6 (10.5263)
11 8 1 2 200 (13.1579)
11 8 1 2 (13.1579)
11 8 1 200 (18.4211)
11 8 1 (18.4211)
11 8 3 6 200 (15.7895)
11 8 3 6 (15.7895)
11 8 3 2 6 200 (11.8421)
11 8 3 2 6 (11.8421)
11 8 3 2 200 (15.7895)
11 8 3 2 (15.7895)
11 8 3 1 6 200 (10.5263)
11 8 3 1 6 (10.5263)
11 8 3 1 2 200 (11.8421)
11 8 3 1 2 (11.8421)
11 8 3 1 200 (17.1053)
11 8 3 1 (17.1053)
11 8 3 200 (25)
11 8 3 (25)
11 8 200 (26.3158)
11 8 (26.3158)
11 13 200 (17.1053)
11 13 6 200 (14.4737)
11 13 6 (22.3684)
11 13 2 200 (15.7895)
11 13 2 6 200 (13.1579)
11 13 2 6 (18.4211)
11 13 2 (21.0526)
11 13 1 200 2 (13.1579)
11 13 1 200 (13.1579)
11 13 1 6 200 2 (10.5263)
11 13 1 6 200 (10.5263)
11 13 1 6 2 (14.4737)
11 13 1 6 (14.4737)
11 13 1 2 (17.1053)
11 13 1 (17.1053)
11 13 5 200 (11.8421)
11 13 5 6 200 (10.5263)
11 13 5 6 (18.4211)
11 13 5 2 200 (10.5263)
11 13 5 2 6 (14.4737)
11 13 5 2 (15.7895)
11 13 5 1 6 2 (10.5263)
11 13 5 1 6 (10.5263)
11 13 5 1 2 (11.8421)
11 13 5 1 (11.8421)
11 13 5 (19.7368)
11 13 (25)
11 16 200 (19.7368)
11 16 2 200 (15.7895)
11 16 2 (18.4211)
11 16 6 200 (13.1579)
11 16 6 2 200 (10.5263)
11 16 6 2 (13.1579)
11 16 6 (18.4211)
11 16 3 2 200 (13.1579)
11 16 3 2 (13.1579)
11 16 3 6 200 (11.8421)
11 16 3 6 (11.8421)
11 16 3 200 (17.1053)
11 16 3 (17.1053)
11 16 1 200 (14.4737)
11 16 1 2 200 (11.8421)
11 16 1 2 (14.4737)
11 16 1 6 2 (10.5263)
11 16 1 6 (11.8421)
11 16 1 3 200 (11.8421)
11 16 1 3 (11.8421)
11 16 1 (17.1053)
11 16 13 200 (10.5263)
11 16 13 2 200 (10.5263)
11 16 13 2 (13.1579)
11 16 13 6 2 (10.5263)
11 16 13 6 (13.1579)
11 16 13 1 2 (11.8421)
11 16 13 1 (11.8421)
11 16 13 (15.7895)
11 16 8 2 200 3 (11.8421)
11 16 8 2 200 (11.8421)
11 16 8 2 3 (11.8421)
11 16 8 2 (11.8421)
11 16 8 6 200 3 (10.5263)
11 16 8 6 200 (10.5263)
11 16 8 6 3 (10.5263)
11 16 8 6 (10.5263)
11 16 8 1 200 3 (10.5263)
11 16 8 1 200 (10.5263)
11 16 8 1 3 (10.5263)
11 16 8 1 (10.5263)
11 16 8 200 3 (15.7895)
11 16 8 200 (15.7895)
11 16 8 3 (15.7895)
11 16 8 (15.7895)
11 16 5 6 (10.5263)
11 16 5 13 (10.5263)
11 16 5 (11.8421)
11 16 (25)
11 14 6 (21.0526)
11 14 5 6 (18.4211)
11 14 5 (19.7368)
11 14 2 6 (15.7895)
11 14 2 5 6 (14.4737)
11 14 2 5 (15.7895)
11 14 2 (18.4211)
11 14 200 6 (14.4737)
11 14 200 5 6 (11.8421)
11 14 200 5 (13.1579)
11 14 200 2 6 (11.8421)
11 14 200 2 5 6 (10.5263)
11 14 200 2 5 (11.8421)
11 14 200 2 (14.4737)
11 14 200 (17.1053)
11 14 13 6 5 (14.4737)
11 14 13 6 (14.4737)
11 14 13 2 6 5 (10.5263)
11 14 13 2 6 (10.5263)
11 14 13 2 5 (11.8421)
11 14 13 2 (11.8421)
11 14 13 5 (15.7895)
11 14 13 (15.7895)
11 14 16 (10.5263)
11 14 1 5 2 (10.5263)
11 14 1 5 (10.5263)
11 14 1 2 (10.5263)
11 14 1 (10.5263)
11 14 (23.6842)
11 10 200 (13.1579)
11 10 8 200 (11.8421)
11 10 8 (11.8421)
11 10 3 200 8 (11.8421)
11 10 3 200 (11.8421)
11 10 3 8 (11.8421)
11 10 3 (11.8421)
11 10 2 (11.8421)
11 10 1 (10.5263)
11 10 6 (10.5263)
11 10 (15.7895)
11 (47.3684)
4 14 6 (40.7895)
4 14 (40.7895)
4 5 14 6 (38.1579)
4 5 14 (38.1579)
4 5 6 (40.7895)
4 5 (40.7895)
4 13 14 6 (32.8947)
4 13 14 (32.8947)
4 13 5 14 6 (31.5789)
4 13 5 14 (31.5789)
4 13 5 6 (34.2105)
4 13 5 (34.2105)
4 13 6 (35.5263)
4 13 (35.5263)
4 16 5 6 14 (25)
4 16 5 6 (25)
4 16 5 14 (25)
4 16 5 (25)
4 16 13 6 14 5 (23.6842)
4 16 13 6 14 (23.6842)
4 16 13 6 5 (23.6842)
4 16 13 6 (23.6842)
4 16 13 14 5 (23.6842)
4 16 13 14 (23.6842)
4 16 13 5 (23.6842)
4 16 13 (23.6842)
4 16 6 14 (26.3158)
4 16 6 (26.3158)
4 16 14 (26.3158)
4 16 (26.3158)
4 2 14 6 (23.6842)
4 2 14 (23.6842)
4 2 5 14 6 (22.3684)
4 2 5 14 (22.3684)
4 2 5 6 (25)
4 2 5 (25)
4 2 13 14 6 (17.1053)
4 2 13 14 (17.1053)
4 2 13 5 14 6 (15.7895)
4 2 13 5 14 (15.7895)
4 2 13 5 6 (18.4211)
4 2 13 5 (18.4211)
4 2 13 6 (19.7368)
4 2 13 (19.7368)
4 2 16 13 6 14 5 (10.5263)
4 2 16 13 6 14 (10.5263)
4 2 16 13 6 5 (10.5263)
4 2 16 13 6 (10.5263)
4 2 16 13 14 5 (10.5263)
4 2 16 13 14 (10.5263)
4 2 16 13 5 (10.5263)
4 2 16 13 (10.5263)
4 2 16 6 14 5 (11.8421)
4 2 16 6 14 (11.8421)
4 2 16 6 5 (11.8421)
4 2 16 6 (11.8421)
4 2 16 14 5 (11.8421)
4 2 16 14 (11.8421)
4 2 16 5 (11.8421)
4 2 16 (11.8421)
4 2 6 (26.3158)
4 2 (26.3158)
4 10 14 6 (17.1053)
4 10 14 (17.1053)
4 10 5 14 6 (14.4737)
4 10 5 14 (14.4737)
4 10 5 6 (15.7895)
4 10 5 (15.7895)
4 10 13 14 6 (13.1579)
4 10 13 14 (13.1579)
4 10 13 5 14 6 (11.8421)
4 10 13 5 14 (11.8421)
4 10 13 5 6 (13.1579)
4 10 13 5 (13.1579)
4 10 13 6 (14.4737)
4 10 13 (14.4737)
4 10 16 5 6 14 (10.5263)
4 10 16 5 6 (10.5263)
4 10 16 5 14 (10.5263)
4 10 16 5 (10.5263)
4 10 16 6 14 (11.8421)
4 10 16 6 (11.8421)
4 10 16 14 (11.8421)
4 10 16 (11.8421)
4 10 2 14 6 (10.5263)
4 10 2 14 (10.5263)
4 10 2 5 6 (10.5263)
4 10 2 5 (10.5263)
4 10 2 6 (11.8421)
4 10 2 (11.8421)
4 10 6 (18.4211)
4 10 (18.4211)
4 11 14 6 5 (13.1579)
4 11 14 6 (13.1579)
4 11 14 5 (13.1579)
4 11 14 (13.1579)
4 11 13 14 6 5 (10.5263)
4 11 13 14 6 (10.5263)
4 11 13 14 5 (10.5263)
4 11 13 14 (10.5263)
4 11 13 6 5 (11.8421)
4 11 13 6 (11.8421)
4 11 13 5 (11.8421)
4 11 13 (11.8421)
4 11 2 6 5 (10.5263)
4 11 2 6 (10.5263)
4 11 2 5 (10.5263)
4 11 2 (10.5263)
4 11 6 5 (14.4737)
4 11 6 (14.4737)
4 11 5 (14.4737)
4 11 (14.4737)
4 1 14 6 5 2 (10.5263)
4 1 14 6 5 (10.5263)
4 1 14 6 2 (10.5263)
4 1 14 6 (10.5263)
4 1 14 5 2 (10.5263)
4 1 14 5 (10.5263)
4 1 14 2 (10.5263)
4 1 14 (10.5263)
4 1 13 6 5 2 (10.5263)
4 1 13 6 5 (10.5263)
4 1 13 6 2 (10.5263)
4 1 13 6 (10.5263)
4 1 13 5 2 (10.5263)
4 1 13 5 (10.5263)
4 1 13 2 (10.5263)
4 1 13 (10.5263)
4 1 6 5 2 (11.8421)
4 1 6 5 (11.8421)
4 1 6 2 (11.8421)
4 1 6 (11.8421)
4 1 5 2 (11.8421)
4 1 5 (11.8421)
4 1 2 (11.8421)
4 1 (11.8421)
4 6 (43.4211)
4 (43.4211)
7 8 (39.4737)
7 3 8 (36.8421)
7 3 (38.1579)
7 200 8 (34.2105)
7 200 3 8 (32.8947)
7 200 3 (34.2105)
7 200 (35.5263)
7 16 3 8 (28.9474)
7 16 3 (28.9474)
7 16 200 3 8 (25)
7 16 200 3 (25)
7 16 200 8 (26.3158)
7 16 200 (26.3158)
7 16 8 (31.5789)
7 16 (31.5789)
7 10 8 (28.9474)
7 10 3 8 (26.3158)
7 10 3 (27.6316)
7 10 200 8 (23.6842)
7 10 200 3 8 (22.3684)
7 10 200 3 (23.6842)
7 10 200 (25)
7 10 16 3 8 (19.7368)
7 10 16 3 (19.7368)
7 10 16 200 3 8 (15.7895)
7 10 16 200 3 (15.7895)
7 10 16 200 8 (17.1053)
7 10 16 200 (17.1053)
7 10 16 8 (22.3684)
7 10 16 (22.3684)
7 10 (30.2632)
7 1 8 3 (25)
7 1 8 (25)
7 1 200 8 3 (22.3684)
7 1 200 8 (22.3684)
7 1 200 3 (23.6842)
7 1 200 (23.6842)
7 1 16 200 3 8 (15.7895)
7 1 16 200 3 (15.7895)
7 1 16 200 8 (15.7895)
7 1 16 200 (15.7895)
7 1 16 3 8 (18.4211)
7 1 16 3 (18.4211)
7 1 16 8 (18.4211)
7 1 16 (18.4211)
7 1 10 8 3 (18.4211)
7 1 10 8 (18.4211)
7 1 10 200 8 3 (15.7895)
7 1 10 200 8 (15.7895)
7 1 10 200 3 (17.1053)
7 1 10 200 (17.1053)
7 1 10 16 200 3 8 (10.5263)
7 1 10 16 200 3 (10.5263)
7 1 10 16 200 8 (10.5263)
7 1 10 16 200 (10.5263)
7 1 10 16 3 8 (13.1579)
7 1 10 16 3 (13.1579)
7 1 10 16 8 (13.1579)
7 1 10 16 (13.1579)
7 1 10 3 (19.7368)
7 1 10 (19.7368)
7 1 3 (26.3158)
7 1 (26.3158)
7 6 8 (21.0526)
7 6 3 8 (19.7368)
7 6 3 (21.0526)
7 6 16 3 8 (17.1053)
7 6 16 3 (17.1053)
7 6 16 8 (18.4211)
7 6 16 (18.4211)
7 6 10 8 (15.7895)
7 6 10 3 8 (14.4737)
7 6 10 3 (15.7895)
7 6 10 16 3 8 (11.8421)
7 6 10 16 3 (11.8421)
7 6 10 16 8 (13.1579)
7 6 10 16 (13.1579)
7 6 10 (17.1053)
7 6 200 8 3 (15.7895)
7 6 200 8 (15.7895)
7 6 200 16 3 8 (13.1579)
7 6 200 16 3 (13.1579)
7 6 200 16 8 (13.1579)
7 6 200 16 (13.1579)
7 6 200 10 8 3 (10.5263)
7 6 200 10 8 (10.5263)
7 6 200 10 3 (11.8421)
7 6 200 10 (11.8421)
7 6 200 3 (17.1053)
7 6 200 (17.1053)
7 6 1 8 3 (11.8421)
7 6 1 8 (11.8421)
7 6 1 10 8 3 (10.5263)
7 6 1 10 8 (10.5263)
7 6 1 10 3 (11.8421)
7 6 1 10 (11.8421)
7 6 1 200 3 (10.5263)
7 6 1 200 (10.5263)
7 6 1 3 (13.1579)
7 6 1 (13.1579)
7 6 (22.3684)
7 2 200 8 3 (18.4211)
7 2 200 8 (18.4211)
7 2 200 3 (18.4211)
7 2 200 (18.4211)
7 2 16 200 8 3 (14.4737)
7 2 16 200 8 (14.4737)
7 2 16 200 3 (14.4737)
7 2 16 200 (14.4737)
7 2 16 8 3 (17.1053)
7 2 16 8 (17.1053)
7 2 16 3 (17.1053)
7 2 16 (17.1053)
7 2 10 200 8 3 (13.1579)
7 2 10 200 8 (13.1579)
7 2 10 200 3 (13.1579)
7 2 10 200 (13.1579)
7 2 10 16 8 3 (11.8421)
7 2 10 16 8 (11.8421)
7 2 10 16 3 (11.8421)
7 2 10 16 (11.8421)
7 2 10 8 3 (15.7895)
7 2 10 8 (15.7895)
7 2 10 3 (15.7895)
7 2 10 (15.7895)
7 2 1 200 8 3 (11.8421)
7 2 1 200 8 (11.8421)
7 2 1 200 3 (11.8421)
7 2 1 200 (11.8421)
7 2 1 16 8 3 (10.5263)
7 2 1 16 8 (10.5263)
7 2 1 16 3 (10.5263)
7 2 1 16 (10.5263)
7 2 1 10 8 3 (11.8421)
7 2 1 10 8 (11.8421)
7 2 1 10 3 (11.8421)
7 2 1 10 (11.8421)
7 2 1 8 3 (14.4737)
7 2 1 8 (14.4737)
7 2 1 3 (14.4737)
7 2 1 (14.4737)
7 2 6 200 8 3 (10.5263)
7 2 6 200 8 (10.5263)
7 2 6 200 3 (10.5263)
7 2 6 200 (10.5263)
7 2 6 16 8 3 (10.5263)
7 2 6 16 8 (10.5263)
7 2 6 16 3 (10.5263)
7 2 6 16 (10.5263)
7 2 6 10 8 3 (10.5263)
7 2 6 10 8 (10.5263)
7 2 6 10 3 (10.5263)
7 2 6 10 (10.5263)
7 2 6 8 3 (13.1579)
7 2 6 8 (13.1579)
7 2 6 3 (13.1579)
7 2 6 (13.1579)
7 2 8 3 (21.0526)
7 2 8 (21.0526)
7 2 3 (21.0526)
7 2 (21.0526)
7 11 16 8 3 200 (10.5263)
7 11 16 8 3 (10.5263)
7 11 16 8 200 (10.5263)
7 11 16 8 (10.5263)
7 11 16 3 200 (10.5263)
7 11 16 3 (10.5263)
7 11 16 200 (10.5263)
7 11 16 (10.5263)
7 11 10 8 3 200 (10.5263)
7 11 10 8 3 (10.5263)
7 11 10 8 200 (10.5263)
7 11 10 8 (10.5263)
7 11 10 3 200 (10.5263)
7 11 10 3 (10.5263)
7 11 10 200 (10.5263)
7 11 10 (10.5263)
7 11 1 8 3 200 (10.5263)
7 11 1 8 3 (10.5263)
7 11 1 8 200 (10.5263)
7 11 1 8 (10.5263)
7 11 1 3 200 (10.5263)
7 11 1 3 (10.5263)
7 11 1 200 (10.5263)
7 11 1 (10.5263)
7 11 8 3 200 (17.1053)
7 11 8 3 (17.1053)
7 11 8 200 (17.1053)
7 11 8 (17.1053)
7 11 3 200 (17.1053)
7 11 3 (17.1053)
7 11 200 (17.1053)
7 11 (17.1053)
7 13 8 (10.5263)
7 13 10 (10.5263)
7 13 (11.8421)
7 14 8 (10.5263)
7 14 3 (10.5263)
7 14 6 (10.5263)
7 14 (11.8421)
7 (40.7895)
12 6 (38.1579)
12 14 6 (35.5263)
12 14 (35.5263)
12 4 6 14 (31.5789)
12 4 6 (31.5789)
12 4 14 (31.5789)
12 4 (31.5789)
12 13 14 6 (27.6316)
12 13 14 (27.6316)
12 13 4 6 14 (26.3158)
12 13 4 6 (26.3158)
12 13 4 14 (26.3158)
12 13 4 (26.3158)
12 13 6 (30.2632)
12 13 (30.2632)
12 5 4 6 14 (28.9474)
12 5 4 6 (28.9474)
12 5 4 14 (28.9474)
12 5 4 (28.9474)
12 5 13 4 6 14 (25)
12 5 13 4 6 (25)
12 5 13 4 14 (25)
12 5 13 4 (25)
12 5 13 6 14 (26.3158)
12 5 13 6 (26.3158)
12 5 13 14 (26.3158)
12 5 13 (26.3158)
12 5 6 14 (30.2632)
12 5 6 (30.2632)
12 5 14 (30.2632)
12 5 (30.2632)
12 16 6 (22.3684)
12 16 14 6 (21.0526)
12 16 14 (21.0526)
12 16 4 6 14 (19.7368)
12 16 4 6 (19.7368)
12 16 4 14 (19.7368)
12 16 4 (19.7368)
12 16 13 14 6 (18.4211)
12 16 13 14 (18.4211)
12 16 13 4 6 14 (18.4211)
12 16 13 4 6 (18.4211)
12 16 13 4 14 (18.4211)
12 16 13 4 (18.4211)
12 16 13 6 (19.7368)
12 16 13 (19.7368)
12 16 5 6 14 4 13 (18.4211)
12 16 5 6 14 4 (18.4211)
12 16 5 6 14 13 (18.4211)
12 16 5 6 14 (18.4211)
12 16 5 6 4 13 (18.4211)
12 16 5 6 4 (18.4211)
12 16 5 6 13 (18.4211)
12 16 5 6 (18.4211)
12 16 5 14 4 13 (18.4211)
12 16 5 14 4 (18.4211)
12 16 5 14 13 (18.4211)
12 16 5 14 (18.4211)
12 16 5 4 13 (18.4211)
12 16 5 4 (18.4211)
12 16 5 13 (18.4211)
12 16 5 (18.4211)
12 16 (23.6842)
12 2 14 6 (15.7895)
12 2 14 (15.7895)
12 2 4 6 14 (14.4737)
12 2 4 6 (14.4737)
12 2 4 14 (14.4737)
12 2 4 (14.4737)
12 2 13 14 6 (11.8421)
12 2 13 14 (11.8421)
12 2 13 4 6 14 (10.5263)
12 2 13 4 6 (10.5263)
12 2 13 4 14 (10.5263)
12 2 13 4 (10.5263)
12 2 13 6 (13.1579)
12 2 13 (13.1579)
12 2 5 4 6 14 (13.1579)
12 2 5 4 6 (13.1579)
12 2 5 4 14 (13.1579)
12 2 5 4 (13.1579)
12 2 5 13 6 14 (10.5263)
12 2 5 13 6 (10.5263)
12 2 5 13 14 (10.5263)
12 2 5 13 (10.5263)
12 2 5 6 14 (14.4737)
12 2 5 6 (14.4737)
12 2 5 14 (14.4737)
12 2 5 (14.4737)
12 2 6 (17.1053)
12 2 (17.1053)
12 10 6 (14.4737)
12 10 4 6 (13.1579)
12 10 4 (13.1579)
12 10 14 6 4 (13.1579)
12 10 14 6 (13.1579)
12 10 14 4 (13.1579)
12 10 14 (13.1579)
12 10 13 4 6 (10.5263)
12 10 13 4 (10.5263)
12 10 13 14 6 4 (10.5263)
12 10 13 14 6 (10.5263)
12 10 13 14 4 (10.5263)
12 10 13 14 (10.5263)
12 10 13 6 (11.8421)
12 10 13 (11.8421)
12 10 16 (10.5263)
12 10 5 6 4 14 (10.5263)
12 10 5 6 4 (10.5263)
12 10 5 6 14 (10.5263)
12 10 5 6 (10.5263)
12 10 5 4 14 (10.5263)
12 10 5 4 (10.5263)
12 10 5 14 (10.5263)
12 10 5 (10.5263)
12 10 (15.7895)
12 11 14 6 (13.1579)
12 11 14 (13.1579)
12 11 4 6 14 (10.5263)
12 11 4 6 (10.5263)
12 11 4 14 (10.5263)
12 11 4 (10.5263)
12 11 13 6 (10.5263)
12 11 13 (10.5263)
12 11 5 4 6 14 (10.5263)
12 11 5 4 6 (10.5263)
12 11 5 4 14 (10.5263)
12 11 5 4 (10.5263)
12 11 5 6 14 (11.8421)
12 11 5 6 (11.8421)
12 11 5 14 (11.8421)
12 11 5 (11.8421)
12 11 6 (14.4737)
12 11 (14.4737)
12 200 6 (11.8421)
12 200 14 6 (10.5263)
12 200 14 (10.5263)
12 200 (13.1579)
12 3 (10.5263)
12 (39.4737)
100 4 6 (35.5263)
100 4 (35.5263)
100 14 6 4 (32.8947)
100 14 6 (32.8947)
100 14 4 (32.8947)
100 14 (32.8947)
100 5 14 6 4 (30.2632)
100 5 14 6 (30.2632)
100 5 14 4 (30.2632)
100 5 14 (30.2632)
100 5 6 4 (32.8947)
100 5 6 (32.8947)
100 5 4 (32.8947)
100 5 (32.8947)
100 13 4 6 (30.2632)
100 13 4 (30.2632)
100 13 14 6 4 (27.6316)
100 13 14 6 (27.6316)
100 13 14 4 (27.6316)
100 13 14 (27.6316)
100 13 5 14 6 4 (26.3158)
100 13 5 14 6 (26.3158)
100 13 5 14 4 (26.3158)
100 13 5 14 (26.3158)
100 13 5 6 4 (28.9474)
100 13 5 6 (28.9474)
100 13 5 4 (28.9474)
100 13 5 (28.9474)
100 13 6 (31.5789)
100 13 (31.5789)
100 12 4 6 (25)
100 12 4 (25)
100 12 14 6 4 (25)
100 12 14 6 (25)
100 12 14 4 (25)
100 12 14 (25)
100 12 5 6 4 14 (22.3684)
100 12 5 6 4 (22.3684)
100 12 5 6 14 (22.3684)
100 12 5 6 (22.3684)
100 12 5 4 14 (22.3684)
100 12 5 4 (22.3684)
100 12 5 14 (22.3684)
100 12 5 (22.3684)
100 12 13 4 6 (22.3684)
100 12 13 4 (22.3684)
100 12 13 14 6 4 (22.3684)
100 12 13 14 6 (22.3684)
100 12 13 14 4 (22.3684)
100 12 13 14 (22.3684)
100 12 13 5 6 4 14 (21.0526)
100 12 13 5 6 4 (21.0526)
100 12 13 5 6 14 (21.0526)
100 12 13 5 6 (21.0526)
100 12 13 5 4 14 (21.0526)
100 12 13 5 4 (21.0526)
100 12 13 5 14 (21.0526)
100 12 13 5 (21.0526)
100 12 13 6 (23.6842)
100 12 13 (23.6842)
100 12 6 (26.3158)
100 12 (26.3158)
100 16 5 6 4 14 (23.6842)
100 16 5 6 4 (23.6842)
100 16 5 6 14 (23.6842)
100 16 5 6 (23.6842)
100 16 5 4 14 (23.6842)
100 16 5 4 (23.6842)
100 16 5 14 (23.6842)
100 16 5 (23.6842)
100 16 13 6 4 14 5 (22.3684)
100 16 13 6 4 14 (22.3684)
100 16 13 6 4 5 (22.3684)
100 16 13 6 4 (22.3684)
100 16 13 6 14 5 (22.3684)
100 16 13 6 14 (22.3684)
100 16 13 6 5 (22.3684)
100 16 13 6 (22.3684)
100 16 13 4 14 5 (22.3684)
100 16 13 4 14 (22.3684)
100 16 13 4 5 (22.3684)
100 16 13 4 (22.3684)
100 16 13 14 5 (22.3684)
100 16 13 14 (22.3684)
100 16 13 5 (22.3684)
100 16 13 (22.3684)
100 16 12 5 6 4 14 (17.1053)
100 16 12 5 6 4 (17.1053)
100 16 12 5 6 14 (17.1053)
100 16 12 5 6 (17.1053)
100 16 12 5 4 14 (17.1053)
100 16 12 5 4 (17.1053)
100 16 12 5 14 (17.1053)
100 16 12 5 (17.1053)
100 16 12 13 6 4 14 5 (17.1053)
100 16 12 13 6 4 14 (17.1053)
100 16 12 13 6 4 5 (17.1053)
100 16 12 13 6 4 (17.1053)
100 16 12 13 6 14 5 (17.1053)
100 16 12 13 6 14 (17.1053)
100 16 12 13 6 5 (17.1053)
100 16 12 13 6 (17.1053)
100 16 12 13 4 14 5 (17.1053)
100 16 12 13 4 14 (17.1053)
100 16 12 13 4 5 (17.1053)
100 16 12 13 4 (17.1053)
100 16 12 13 14 5 (17.1053)
100 16 12 13 14 (17.1053)
100 16 12 13 5 (17.1053)
100 16 12 13 (17.1053)
100 16 12 6 4 14 (18.4211)
100 16 12 6 4 (18.4211)
100 16 12 6 14 (18.4211)
100 16 12 6 (18.4211)
100 16 12 4 14 (18.4211)
100 16 12 4 (18.4211)
100 16 12 14 (18.4211)
100 16 12 (18.4211)
100 16 6 4 14 (25)
100 16 6 4 (25)
100 16 6 14 (25)
100 16 6 (25)
100 16 4 14 (25)
100 16 4 (25)
100 16 14 (25)
100 16 (25)
100 2 14 6 4 (17.1053)
100 2 14 6 (17.1053)
100 2 14 4 (17.1053)
100 2 14 (17.1053)
100 2 5 14 6 4 (15.7895)
100 2 5 14 6 (15.7895)
100 2 5 14 4 (15.7895)
100 2 5 14 (15.7895)
100 2 5 6 4 (18.4211)
100 2 5 6 (18.4211)
100 2 5 4 (18.4211)
100 2 5 (18.4211)
100 2 13 14 6 4 (13.1579)
100 2 13 14 6 (13.1579)
100 2 13 14 4 (13.1579)
100 2 13 14 (13.1579)
100 2 13 5 14 6 4 (11.8421)
100 2 13 5 14 6 (11.8421)
100 2 13 5 14 4 (11.8421)
100 2 13 5 14 (11.8421)
100 2 13 5 6 4 (14.4737)
100 2 13 5 6 (14.4737)
100 2 13 5 4 (14.4737)
100 2 13 5 (14.4737)
100 2 13 6 4 (15.7895)
100 2 13 6 (15.7895)
100 2 13 4 (15.7895)
100 2 13 (15.7895)
100 2 16 6 4 14 5 (10.5263)
100 2 16 6 4 14 (10.5263)
100 2 16 6 4 5 (10.5263)
100 2 16 6 4 (10.5263)
100 2 16 6 14 5 (10.5263)
100 2 16 6 14 (10.5263)
100 2 16 6 5 (10.5263)
100 2 16 6 (10.5263)
100 2 16 4 14 5 (10.5263)
100 2 16 4 14 (10.5263)
100 2 16 4 5 (10.5263)
100 2 16 4 (10.5263)
100 2 16 14 5 (10.5263)
100 2 16 14 (10.5263)
100 2 16 5 (10.5263)
100 2 16 (10.5263)
100 2 6 4 (19.7368)
100 2 6 (19.7368)
100 2 4 (19.7368)
100 2 (19.7368)
100 10 14 6 4 (17.1053)
100 10 14 6 (17.1053)
100 10 14 4 (17.1053)
100 10 14 (17.1053)
100 10 5 14 6 4 (14.4737)
100 10 5 14 6 (14.4737)
100 10 5 14 4 (14.4737)
100 10 5 14 (14.4737)
100 10 5 6 4 (15.7895)
100 10 5 6 (15.7895)
100 10 5 4 (15.7895)
100 10 5 (15.7895)
100 10 13 14 6 4 (13.1579)
100 10 13 14 6 (13.1579)
100 10 13 14 4 (13.1579)
100 10 13 14 (13.1579)
100 10 13 5 14 6 4 (11.8421)
100 10 13 5 14 6 (11.8421)
100 10 13 5 14 4 (11.8421)
100 10 13 5 14 (11.8421)
100 10 13 5 6 4 (13.1579)
100 10 13 5 6 (13.1579)
100 10 13 5 4 (13.1579)
100 10 13 5 (13.1579)
100 10 13 6 4 (14.4737)
100 10 13 6 (14.4737)
100 10 13 4 (14.4737)
100 10 13 (14.4737)
100 10 12 5 6 4 14 (10.5263)
100 10 12 5 6 4 (10.5263)
100 10 12 5 6 14 (10.5263)
100 10 12 5 6 (10.5263)
100 10 12 5 4 14 (10.5263)
100 10 12 5 4 (10.5263)
100 10 12 5 14 (10.5263)
100 10 12 5 (10.5263)
100 10 12 13 6 4 14 (10.5263)
100 10 12 13 6 4 (10.5263)
100 10 12 13 6 14 (10.5263)
100 10 12 13 6 (10.5263)
100 10 12 13 4 14 (10.5263)
100 10 12 13 4 (10.5263)
100 10 12 13 14 (10.5263)
100 10 12 13 (10.5263)
100 10 12 6 4 14 (13.1579)
100 10 12 6 4 (13.1579)
100 10 12 6 14 (13.1579)
100 10 12 6 (13.1579)
100 10 12 4 14 (13.1579)
100 10 12 4 (13.1579)
100 10 12 14 (13.1579)
100 10 12 (13.1579)
100 10 2 14 6 4 (10.5263)
100 10 2 14 6 (10.5263)
100 10 2 14 4 (10.5263)
100 10 2 14 (10.5263)
100 10 2 5 6 4 (10.5263)
100 10 2 5 6 (10.5263)
100 10 2 5 4 (10.5263)
100 10 2 5 (10.5263)
100 10 2 6 4 (11.8421)
100 10 2 6 (11.8421)
100 10 2 4 (11.8421)
100 10 2 (11.8421)
100 10 16 5 6 4 14 (10.5263)
100 10 16 5 6 4 (10.5263)
100 10 16 5 6 14 (10.5263)
100 10 16 5 6 (10.5263)
100 10 16 5 4 14 (10.5263)
100 10 16 5 4 (10.5263)
100 10 16 5 14 (10.5263)
100 10 16 5 (10.5263)
100 10 16 6 4 14 (11.8421)
100 10 16 6 4 (11.8421)
100 10 16 6 14 (11.8421)
100 10 16 6 (11.8421)
100 10 16 4 14 (11.8421)
100 10 16 4 (11.8421)
100 10 16 14 (11.8421)
100 10 16 (11.8421)
100 10 6 4 (18.4211)
100 10 6 (18.4211)
100 10 4 (18.4211)
100 10 (18.4211)
100 6 (36.8421)
100 (36.8421)
9 8 (31.5789)
9 3 8 (27.6316)
9 3 (31.5789)
9 200 8 (28.9474)
9 200 3 8 (26.3158)
9 200 3 (28.9474)
9 200 (31.5789)
9 7 8 (25)
9 7 3 8 (23.6842)
9 7 3 (25)
9 7 200 8 (23.6842)
9 7 200 3 8 (22.3684)
9 7 200 3 (23.6842)
9 7 200 (25)
9 7 (26.3158)
9 16 8 (23.6842)
9 16 3 8 (22.3684)
9 16 3 (25)
9 16 200 8 (22.3684)
9 16 200 3 8 (21.0526)
9 16 200 3 (22.3684)
9 16 200 (23.6842)
9 16 7 3 8 (19.7368)
9 16 7 3 (19.7368)
9 16 7 200 3 8 (18.4211)
9 16 7 200 3 (18.4211)
9 16 7 200 8 (19.7368)
9 16 7 200 (19.7368)
9 16 7 8 (21.0526)
9 16 7 (21.0526)
9 16 (26.3158)
9 1 8 200 (22.3684)
9 1 8 (22.3684)
9 1 3 8 200 (21.0526)
9 1 3 8 (21.0526)
9 1 3 200 (23.6842)
9 1 3 (23.6842)
9 1 7 8 200 3 (17.1053)
9 1 7 8 200 (17.1053)
9 1 7 8 3 (17.1053)
9 1 7 8 (17.1053)
9 1 7 200 3 (18.4211)
9 1 7 200 (18.4211)
9 1 7 3 (18.4211)
9 1 7 (18.4211)
9 1 16 8 200 3 (15.7895)
9 1 16 8 200 (15.7895)
9 1 16 8 3 (15.7895)
9 1 16 8 (15.7895)
9 1 16 7 200 3 8 (13.1579)
9 1 16 7 200 3 (13.1579)
9 1 16 7 200 8 (13.1579)
9 1 16 7 200 (13.1579)
9 1 16 7 3 8 (13.1579)
9 1 16 7 3 (13.1579)
9 1 16 7 8 (13.1579)
9 1 16 7 (13.1579)
9 1 16 200 3 (17.1053)
9 1 16 200 (17.1053)
9 1 16 3 (17.1053)
9 1 16 (17.1053)
9 1 200 (25)
9 1 (25)
9 10 3 (19.7368)
9 10 200 3 (17.1053)
9 10 200 (18.4211)
9 10 8 3 (15.7895)
9 10 8 200 3 (14.4737)
9 10 8 200 (15.7895)
9 10 8 (17.1053)
9 10 16 3 (15.7895)
9 10 16 200 3 (13.1579)
9 10 16 200 (14.4737)
9 10 16 8 3 (13.1579)
9 10 16 8 200 3 (11.8421)
9 10 16 8 200 (13.1579)
9 10 16 8 (14.4737)
9 10 16 (17.1053)
9 10 7 3 (15.7895)
9 10 7 200 3 (14.4737)
9 10 7 200 (15.7895)
9 10 7 8 3 (14.4737)
9 10 7 8 200 3 (13.1579)
9 10 7 8 200 (14.4737)
9 10 7 8 (15.7895)
9 10 7 16 3 8 (11.8421)
9 10 7 16 3 (11.8421)
9 10 7 16 200 3 8 (10.5263)
9 10 7 16 200 3 (10.5263)
9 10 7 16 200 8 (11.8421)
9 10 7 16 200 (11.8421)
9 10 7 16 8 (13.1579)
9 10 7 16 (13.1579)
9 10 7 (17.1053)
9 10 1 8 3 200 (11.8421)
9 10 1 8 3 (11.8421)
9 10 1 8 200 (11.8421)
9 10 1 8 (11.8421)
9 10 1 16 3 200 (10.5263)
9 10 1 16 3 (10.5263)
9 10 1 16 200 (10.5263)
9 10 1 16 (10.5263)
9 10 1 7 8 3 200 (10.5263)
9 10 1 7 8 3 (10.5263)
9 10 1 7 8 200 (10.5263)
9 10 1 7 8 (10.5263)
9 10 1 7 3 200 (11.8421)
9 10 1 7 3 (11.8421)
9 10 1 7 200 (11.8421)
9 10 1 7 (11.8421)
9 10 1 3 200 (14.4737)
9 10 1 3 (14.4737)
9 10 1 200 (14.4737)
9 10 1 (14.4737)
9 10 (21.0526)
9 6 3 (18.4211)
9 6 8 3 (14.4737)
9 6 8 (15.7895)
9 6 200 8 3 (13.1579)
9 6 200 8 (13.1579)
9 6 200 3 (15.7895)
9 6 200 (15.7895)
9 6 16 8 3 (11.8421)
9 6 16 8 (11.8421)
9 6 16 200 8 3 (10.5263)
9 6 16 200 8 (10.5263)
9 6 16 200 3 (11.8421)
9 6 16 200 (11.8421)
9 6 16 3 (14.4737)
9 6 16 (14.4737)
9 6 1 8 3 200 (10.5263)
9 6 1 8 3 (10.5263)
9 6 1 8 200 (10.5263)
9 6 1 8 (10.5263)
9 6 1 3 200 (13.1579)
9 6 1 3 (13.1579)
9 6 1 200 (13.1579)
9 6 1 (13.1579)
9 6 10 3 (11.8421)
9 6 10 (11.8421)
9 6 7 8 3 (10.5263)
9 6 7 8 (10.5263)
9 6 7 200 3 (10.5263)
9 6 7 200 (10.5263)
9 6 7 3 (11.8421)
9 6 7 (11.8421)
9 6 (19.7368)
9 11 3 8 200 (15.7895)
9 11 3 8 (15.7895)
9 11 3 200 (15.7895)
9 11 3 (15.7895)
9 11 7 8 200 3 (11.8421)
9 11 7 8 200 (11.8421)
9 11 7 8 3 (11.8421)
9 11 7 8 (11.8421)
9 11 7 200 3 (11.8421)
9 11 7 200 (11.8421)
9 11 7 3 (11.8421)
9 11 7 (11.8421)
9 11 16 8 200 3 (11.8421)
9 11 16 8 200 (11.8421)
9 11 16 8 3 (11.8421)
9 11 16 8 (11.8421)
9 11 16 200 3 (11.8421)
9 11 16 200 (11.8421)
9 11 16 3 (11.8421)
9 11 16 (11.8421)
9 11 1 3 8 200 (11.8421)
9 11 1 3 8 (11.8421)
9 11 1 3 200 (11.8421)
9 11 1 3 (11.8421)
9 11 1 8 200 (13.1579)
9 11 1 8 (13.1579)
9 11 1 200 (13.1579)
9 11 1 (13.1579)
9 11 6 8 200 3 (10.5263)
9 11 6 8 200 (10.5263)
9 11 6 8 3 (10.5263)
9 11 6 8 (10.5263)
9 11 6 200 3 (10.5263)
9 11 6 200 (10.5263)
9 11 6 3 (10.5263)
9 11 6 (10.5263)
9 11 8 200 (17.1053)
9 11 8 (17.1053)
9 11 200 (17.1053)
9 11 (17.1053)
9 2 3 8 200 (14.4737)
9 2 3 8 (14.4737)
9 2 3 200 (14.4737)
9 2 3 (14.4737)
9 2 7 8 200 3 (10.5263)
9 2 7 8 200 (10.5263)
9 2 7 8 3 (10.5263)
9 2 7 8 (10.5263)
9 2 7 200 3 (10.5263)
9 2 7 200 (10.5263)
9 2 7 3 (10.5263)
9 2 7 (10.5263)
9 2 16 8 200 3 (10.5263)
9 2 16 8 200 (10.5263)
9 2 16 8 3 (10.5263)
9 2 16 8 (10.5263)
9 2 16 200 3 (10.5263)
9 2 16 200 (10.5263)
9 2 16 3 (10.5263)
9 2 16 (10.5263)
9 2 1 3 8 200 (11.8421)
9 2 1 3 8 (11.8421)
9 2 1 3 200 (11.8421)
9 2 1 3 (11.8421)
9 2 1 8 200 (13.1579)
9 2 1 8 (13.1579)
9 2 1 200 (13.1579)
9 2 1 (13.1579)
9 2 11 3 8 200 (10.5263)
9 2 11 3 8 (10.5263)
9 2 11 3 200 (10.5263)
9 2 11 3 (10.5263)
9 2 11 8 200 (11.8421)
9 2 11 8 (11.8421)
9 2 11 200 (11.8421)
9 2 11 (11.8421)
9 2 8 200 (15.7895)
9 2 8 (15.7895)
9 2 200 (15.7895)
9 2 (15.7895)
9 13 3 (10.5263)
9 13 200 (10.5263)
9 13 10 (10.5263)
9 13 6 (10.5263)
9 13 (13.1579)
9 14 6 3 (10.5263)
9 14 6 (10.5263)
9 14 3 (11.8421)
9 14 (11.8421)
9 (35.5263)
15 8 200 (25)
15 8 (25)
15 3 200 8 (22.3684)
15 3 200 (22.3684)
15 3 8 (22.3684)
15 3 (22.3684)
15 7 3 200 8 (18.4211)
15 7 3 200 (18.4211)
15 7 3 8 (18.4211)
15 7 3 (18.4211)
15 7 200 8 (19.7368)
15 7 200 (19.7368)
15 7 8 (19.7368)
15 7 (19.7368)
15 16 3 200 8 (17.1053)
15 16 3 200 (17.1053)
15 16 3 8 (17.1053)
15 16 3 (17.1053)
15 16 7 3 200 8 (13.1579)
15 16 7 3 200 (13.1579)
15 16 7 3 8 (13.1579)
15 16 7 3 (13.1579)
15 16 7 200 8 (14.4737)
15 16 7 200 (14.4737)
15 16 7 8 (14.4737)
15 16 7 (14.4737)
15 16 200 8 (18.4211)
15 16 200 (18.4211)
15 16 8 (18.4211)
15 16 (18.4211)
15 11 8 200 (15.7895)
15 11 8 (15.7895)
15 11 3 200 8 (14.4737)
15 11 3 200 (14.4737)
15 11 3 8 (14.4737)
15 11 3 (14.4737)
15 11 7 200 8 3 (10.5263)
15 11 7 200 8 (10.5263)
15 11 7 200 3 (10.5263)
15 11 7 200 (10.5263)
15 11 7 8 3 (10.5263)
15 11 7 8 (10.5263)
15 11 7 3 (10.5263)
15 11 7 (10.5263)
15 11 16 200 8 3 (10.5263)
15 11 16 200 8 (10.5263)
15 11 16 200 3 (10.5263)
15 11 16 200 (10.5263)
15 11 16 8 3 (10.5263)
15 11 16 8 (10.5263)
15 11 16 3 (10.5263)
15 11 16 (10.5263)
15 11 200 (17.1053)
15 11 (17.1053)
15 1 8 200 (15.7895)
15 1 8 (15.7895)
15 1 3 200 8 (14.4737)
15 1 3 200 (14.4737)
15 1 3 8 (14.4737)
15 1 3 (14.4737)
15 1 7 200 8 3 (10.5263)
15 1 7 200 8 (10.5263)
15 1 7 200 3 (10.5263)
15 1 7 200 (10.5263)
15 1 7 8 3 (10.5263)
15 1 7 8 (10.5263)
15 1 7 3 (10.5263)
15 1 7 (10.5263)
15 1 16 200 8 3 (10.5263)
15 1 16 200 8 (10.5263)
15 1 16 200 3 (10.5263)
15 1 16 200 (10.5263)
15 1 16 8 3 (10.5263)
15 1 16 8 (10.5263)
15 1 16 3 (10.5263)
15 1 16 (10.5263)
15 1 11 200 (10.5263)
15 1 11 (10.5263)
15 1 200 (17.1053)
15 1 (17.1053)
15 9 3 200 8 (13.1579)
15 9 3 200 (13.1579)
15 9 3 8 (13.1579)
15 9 3 (13.1579)
15 9 7 3 200 8 (11.8421)
15 9 7 3 200 (11.8421)
15 9 7 3 8 (11.8421)
15 9 7 3 (11.8421)
15 9 7 200 8 (13.1579)
15 9 7 200 (13.1579)
15 9 7 8 (13.1579)
15 9 7 (13.1579)
15 9 16 3 200 8 (10.5263)
15 9 16 3 200 (10.5263)
15 9 16 3 8 (10.5263)
15 9 16 3 (10.5263)
15 9 16 7 200 8 (10.5263)
15 9 16 7 200 (10.5263)
15 9 16 7 8 (10.5263)
15 9 16 7 (10.5263)
15 9 16 200 8 (11.8421)
15 9 16 200 (11.8421)
15 9 16 8 (11.8421)
15 9 16 (11.8421)
15 9 1 200 8 (10.5263)
15 9 1 200 (10.5263)
15 9 1 8 (10.5263)
15 9 1 (10.5263)
15 9 200 8 (15.7895)
15 9 200 (15.7895)
15 9 8 (15.7895)
15 9 (15.7895)
15 2 8 200 (14.4737)
15 2 8 (14.4737)
15 2 3 200 8 (13.1579)
15 2 3 200 (13.1579)
15 2 3 8 (13.1579)
15 2 3 (13.1579)
15 2 16 200 8 3 (10.5263)
15 2 16 200 8 (10.5263)
15 2 16 200 3 (10.5263)
15 2 16 200 (10.5263)
15 2 16 8 3 (10.5263)
15 2 16 8 (10.5263)
15 2 16 3 (10.5263)
15 2 16 (10.5263)
15 2 11 8 200 (10.5263)
15 2 11 8 (10.5263)
15 2 11 200 (11.8421)
15 2 11 (11.8421)
15 2 1 200 (10.5263)
15 2 1 (10.5263)
15 2 200 (15.7895)
15 2 (15.7895)
15 6 8 200 (11.8421)
15 6 8 (11.8421)
15 6 3 200 8 (11.8421)
15 6 3 200 (11.8421)
15 6 3 8 (11.8421)
15 6 3 (11.8421)
15 6 16 200 8 3 (10.5263)
15 6 16 200 8 (10.5263)
15 6 16 200 3 (10.5263)
15 6 16 200 (10.5263)
15 6 16 8 3 (10.5263)
15 6 16 8 (10.5263)
15 6 16 3 (10.5263)
15 6 16 (10.5263)
15 6 2 200 (10.5263)
15 6 2 (10.5263)
15 6 200 (13.1579)
15 6 (13.1579)
15 10 3 200 8 7 (10.5263)
15 10 3 200 8 (10.5263)
15 10 3 200 7 (10.5263)
15 10 3 200 (10.5263)
15 10 3 8 7 (10.5263)
15 10 3 8 (10.5263)
15 10 3 7 (10.5263)
15 10 3 (10.5263)
15 10 200 8 7 (11.8421)
15 10 200 8 (11.8421)
15 10 200 7 (11.8421)
15 10 200 (11.8421)
15 10 8 7 (11.8421)
15 10 8 (11.8421)
15 10 7 (11.8421)
15 10 (11.8421)
15 200 (26.3158)
15 (26.3158)
