6 <-  (100, 77.6316)
6 <- 16 (64.4737, 75.5102)
6 <- 2 (60.5263, 80.4348)
6 <- 2 16 (36.8421, 75)
6 <- 5 (59.2105, 97.7778)
6 <- 5 16 (34.2105, 96.1538)
6 <- 5 200 (26.3158, 95)
6 <- 5 2 (39.4737, 96.6667)
5 <- 2 6 (48.6842, 78.3784)
6 <- 5 2 200 (21.0526, 93.75)
2 <- 5 200 6 (25, 78.9474)
2 <- 5 200 (26.3158, 80)
6 <- 13 (56.5789, 93.0233)
6 <- 13 16 (38.1579, 89.6552)
6 <- 13 200 (25, 84.2105)
6 <- 13 2 (34.2105, 92.3077)
6 <- 13 2 16 (21.0526, 87.5)
2 <- 13 200 6 (21.0526, 75)
6 <- 13 5 (46.0526, 97.1429)
5 <- 13 6 (52.6316, 85)
13 <- 5 6 (57.8947, 77.2727)
6 <- 13 5 16 (30.2632, 95.6522)
5 <- 13 16 6 (34.2105, 84.6154)
13 <- 5 16 6 (32.8947, 88)
5 <- 13 16 (38.1579, 79.3103)
13 <- 5 16 (34.2105, 88.4615)
5 <- 13 200 6 (21.0526, 75)
6 <- 13 5 2 (27.6316, 95.2381)
5 <- 13 2 6 (31.5789, 83.3333)
5 <- 13 2 16 (21.0526, 75)
5 <- 13 2 (34.2105, 80.7692)
5 <- 13 (56.5789, 81.3953)
13 <- 5 (59.2105, 77.7778)
6 <- 14 (56.5789, 95.3488)
6 <- 14 16 (34.2105, 92.3077)
6 <- 14 200 (23.6842, 88.8889)
6 <- 14 2 (34.2105, 92.3077)
6 <- 14 5 (48.6842, 97.2973)
5 <- 14 6 (53.9474, 87.8049)
14 <- 5 6 (57.8947, 81.8182)
6 <- 14 5 16 (28.9474, 95.4545)
5 <- 14 16 6 (31.5789, 87.5)
14 <- 5 16 6 (32.8947, 84)
5 <- 14 16 (34.2105, 84.6154)
14 <- 5 16 (34.2105, 84.6154)
5 <- 14 200 6 (21.0526, 81.25)
5 <- 14 200 (23.6842, 77.7778)
6 <- 14 5 2 (30.2632, 95.6522)
5 <- 14 2 6 (31.5789, 91.6667)
14 <- 5 2 6 (38.1579, 75.8621)
5 <- 14 2 (34.2105, 88.4615)
14 <- 5 2 (39.4737, 76.6667)
5 <- 14 (56.5789, 86.0465)
14 <- 5 (59.2105, 82.2222)
6 <- 14 13 (42.1053, 96.875)
13 <- 14 6 (53.9474, 75.6098)
14 <- 13 6 (52.6316, 77.5)
6 <- 14 13 16 (27.6316, 95.2381)
13 <- 14 16 6 (31.5789, 83.3333)
14 <- 13 16 6 (34.2105, 76.9231)
13 <- 14 16 (34.2105, 80.7692)
6 <- 14 13 2 (23.6842, 94.4444)
6 <- 14 13 5 (40.7895, 96.7742)
5 <- 14 13 6 (40.7895, 96.7742)
13 <- 14 5 6 (47.3684, 83.3333)
14 <- 13 5 6 (44.7368, 88.2353)
6 <- 14 13 5 16 (27.6316, 95.2381)
5 <- 14 13 16 6 (26.3158, 100)
13 <- 14 5 16 6 (27.6316, 95.2381)
14 <- 13 5 16 6 (28.9474, 90.9091)
5 <- 14 13 16 (27.6316, 100)
13 <- 14 5 16 (28.9474, 95.4545)
14 <- 13 5 16 (30.2632, 91.3043)
6 <- 14 13 5 2 (22.3684, 94.1176)
5 <- 14 13 2 6 (22.3684, 94.1176)
14 <- 13 5 2 6 (26.3158, 80)
5 <- 14 13 2 (23.6842, 94.4444)
14 <- 13 5 2 (27.6316, 80.9524)
5 <- 14 13 (42.1053, 96.875)
13 <- 14 5 (48.6842, 83.7838)
14 <- 13 5 (46.0526, 88.5714)
16 <- 3 6 (36.8421, 75)
200 <- 3 6 (36.8421, 85.7143)
3 <- 200 6 (40.7895, 77.4194)
200 <- 3 16 6 (27.6316, 80.9524)
3 <- 200 16 6 (23.6842, 94.4444)
200 <- 3 16 (40.7895, 87.0968)
3 <- 200 16 (39.4737, 90)
200 <- 3 (55.2632, 90.4762)
3 <- 200 (63.1579, 79.1667)
16 <- 3 2 (34.2105, 76.9231)
200 <- 3 2 6 (25, 89.4737)
3 <- 2 200 6 (28.9474, 77.2727)
16 <- 3 2 200 (31.5789, 75)
200 <- 3 2 16 (26.3158, 90)
3 <- 2 200 16 (26.3158, 90)
200 <- 3 2 (34.2105, 92.3077)
3 <- 2 200 (40.7895, 77.4194)
6 <- 3 5 (22.3684, 100)
200 <- 3 5 6 (22.3684, 82.3529)
200 <- 3 5 (22.3684, 82.3529)
2 <- 3 5 6 (22.3684, 76.4706)
2 <- 3 5 (22.3684, 76.4706)
16 <- 8 6 (31.5789, 79.1667)
16 <- 8 (52.6316, 75)
200 <- 8 6 (31.5789, 79.1667)
16 <- 8 200 6 (25, 78.9474)
200 <- 8 16 6 (25, 78.9474)
8 <- 200 16 6 (23.6842, 83.3333)
200 <- 8 16 (39.4737, 86.6667)
8 <- 200 16 (39.4737, 86.6667)
200 <- 8 (52.6316, 87.5)
16 <- 8 2 6 (21.0526, 81.25)
16 <- 8 2 (31.5789, 79.1667)
200 <- 8 2 6 (21.0526, 87.5)
16 <- 8 2 200 (28.9474, 77.2727)
200 <- 8 2 16 (25, 89.4737)
8 <- 2 200 16 (26.3158, 85)
200 <- 8 2 (31.5789, 91.6667)
3 <- 8 6 (31.5789, 91.6667)
8 <- 3 6 (36.8421, 78.5714)
16 <- 8 3 6 (28.9474, 81.8182)
3 <- 8 16 6 (25, 94.7368)
8 <- 3 16 6 (27.6316, 85.7143)
16 <- 8 3 (47.3684, 77.7778)
3 <- 8 16 (39.4737, 93.3333)
8 <- 3 16 (40.7895, 90.3226)
200 <- 8 3 6 (28.9474, 86.3636)
3 <- 8 200 6 (25, 100)
8 <- 3 200 6 (31.5789, 79.1667)
16 <- 8 3 200 6 (25, 78.9474)
200 <- 8 3 16 6 (23.6842, 83.3333)
8 <- 3 200 16 6 (22.3684, 88.2353)
16 <- 8 3 200 (43.4211, 75.7576)
200 <- 8 3 16 (36.8421, 89.2857)
3 <- 8 200 16 (34.2105, 96.1538)
8 <- 3 200 16 (35.5263, 92.5926)
200 <- 8 3 (47.3684, 91.6667)
3 <- 8 200 (46.0526, 94.2857)
8 <- 3 200 (50, 86.8421)
3 <- 8 2 6 (21.0526, 100)
8 <- 3 2 6 (25, 84.2105)
16 <- 8 3 2 6 (21.0526, 81.25)
16 <- 8 3 2 (30.2632, 82.6087)
3 <- 8 2 16 (25, 100)
8 <- 3 2 16 (26.3158, 95)
200 <- 8 3 2 6 (21.0526, 87.5)
8 <- 3 2 200 6 (22.3684, 82.3529)
16 <- 8 3 2 200 (27.6316, 80.9524)
200 <- 8 3 2 16 (25, 89.4737)
3 <- 8 2 200 16 (22.3684, 100)
8 <- 3 2 200 16 (23.6842, 94.4444)
200 <- 8 3 2 (30.2632, 91.3043)
3 <- 8 2 200 (28.9474, 95.4545)
8 <- 3 2 200 (31.5789, 87.5)
3 <- 8 2 (31.5789, 95.8333)
8 <- 3 2 (34.2105, 88.4615)
3 <- 8 (52.6316, 90)
8 <- 3 (55.2632, 85.7143)
6 <- 10 2 (28.9474, 81.8182)
6 <- 10 5 (25, 100)
6 <- 10 13 (26.3158, 90)
5 <- 10 13 6 (23.6842, 83.3333)
13 <- 10 5 6 (25, 78.9474)
5 <- 10 13 (26.3158, 75)
13 <- 10 5 (25, 78.9474)
6 <- 10 14 (25, 94.7368)
6 <- 10 14 5 (21.0526, 100)
5 <- 10 14 6 (23.6842, 88.8889)
14 <- 10 5 6 (25, 84.2105)
5 <- 10 14 (25, 84.2105)
14 <- 10 5 (25, 84.2105)
13 <- 10 14 6 (23.6842, 83.3333)
14 <- 10 13 6 (23.6842, 83.3333)
13 <- 10 14 5 6 (21.0526, 87.5)
13 <- 10 14 5 (21.0526, 87.5)
13 <- 10 14 (25, 78.9474)
14 <- 10 13 (26.3158, 75)
16 <- 10 3 6 (21.0526, 81.25)
16 <- 10 3 (32.8947, 76)
3 <- 10 16 (32.8947, 76)
200 <- 10 3 6 (21.0526, 75)
200 <- 10 3 16 (25, 78.9474)
3 <- 10 200 16 (21.0526, 93.75)
200 <- 10 3 (32.8947, 84)
3 <- 10 200 (30.2632, 91.3043)
16 <- 10 8 (31.5789, 79.1667)
8 <- 10 16 (32.8947, 76)
16 <- 10 8 200 (26.3158, 75)
200 <- 10 8 16 (25, 78.9474)
8 <- 10 200 16 (21.0526, 93.75)
200 <- 10 8 (31.5789, 83.3333)
8 <- 10 200 (30.2632, 86.9565)
8 <- 10 3 6 (21.0526, 81.25)
16 <- 10 8 3 (28.9474, 77.2727)
3 <- 10 8 16 (25, 89.4737)
8 <- 10 3 16 (25, 89.4737)
200 <- 10 8 3 16 (22.3684, 82.3529)
200 <- 10 8 3 (28.9474, 86.3636)
3 <- 10 8 200 (26.3158, 95)
8 <- 10 3 200 (27.6316, 90.4762)
3 <- 10 8 (31.5789, 91.6667)
8 <- 10 3 (32.8947, 88)
200 <- 1 16 (34.2105, 76.9231)
200 <- 1 (48.6842, 81.0811)
2 <- 1 6 (31.5789, 79.1667)
2 <- 1 16 6 (22.3684, 76.4706)
6 <- 1 5 (23.6842, 94.4444)
6 <- 1 5 2 (21.0526, 93.75)
2 <- 1 5 6 (22.3684, 88.2353)
5 <- 1 2 6 (25, 78.9474)
2 <- 1 5 (23.6842, 88.8889)
6 <- 1 13 (25, 89.4737)
6 <- 1 13 2 (21.0526, 87.5)
2 <- 1 13 6 (22.3684, 82.3529)
16 <- 1 13 2 (21.0526, 75)
1 <- 13 2 16 (21.0526, 75)
2 <- 1 13 (25, 84.2105)
5 <- 1 13 6 (22.3684, 76.4706)
13 <- 1 5 6 (22.3684, 76.4706)
5 <- 1 13 2 (21.0526, 75)
13 <- 1 5 2 (21.0526, 75)
13 <- 1 5 (23.6842, 77.7778)
14 <- 1 5 6 (22.3684, 76.4706)
14 <- 1 5 2 (21.0526, 75)
14 <- 1 5 (23.6842, 77.7778)
16 <- 1 3 6 (21.0526, 75)
3 <- 1 16 (34.2105, 76.9231)
200 <- 1 3 6 (21.0526, 87.5)
3 <- 1 200 6 (22.3684, 82.3529)
200 <- 1 3 16 (26.3158, 90)
3 <- 1 200 16 (26.3158, 90)
200 <- 1 3 (35.5263, 92.5926)
3 <- 1 200 (39.4737, 83.3333)
16 <- 1 3 2 (22.3684, 76.4706)
200 <- 1 3 2 (22.3684, 88.2353)
3 <- 1 2 200 (26.3158, 75)
200 <- 1 8 16 (23.6842, 88.8889)
8 <- 1 200 16 (26.3158, 80)
200 <- 1 8 (32.8947, 92)
8 <- 1 200 (39.4737, 76.6667)
200 <- 1 8 2 (22.3684, 88.2353)
8 <- 1 2 200 (26.3158, 75)
8 <- 1 3 6 (21.0526, 81.25)
16 <- 1 8 3 (31.5789, 75)
3 <- 1 8 16 (23.6842, 100)
8 <- 1 3 16 (26.3158, 90)
200 <- 1 8 3 16 (23.6842, 88.8889)
3 <- 1 8 200 16 (21.0526, 100)
8 <- 1 3 200 16 (23.6842, 88.8889)
200 <- 1 8 3 (31.5789, 91.6667)
3 <- 1 8 200 (30.2632, 95.6522)
8 <- 1 3 200 (32.8947, 88)
16 <- 1 8 3 2 (21.0526, 75)
200 <- 1 8 3 2 (21.0526, 87.5)
3 <- 1 8 2 (22.3684, 94.1176)
8 <- 1 3 2 (22.3684, 94.1176)
3 <- 1 8 (32.8947, 96)
8 <- 1 3 (35.5263, 88.8889)
200 <- 1 10 (26.3158, 75)
200 <- 1 10 3 (22.3684, 88.2353)
3 <- 1 10 (26.3158, 85)
8 <- 1 10 3 (22.3684, 88.2353)
8 <- 1 10 (26.3158, 75)
6 <- 11 (47.3684, 75)
200 <- 11 6 (35.5263, 77.7778)
200 <- 11 16 (25, 78.9474)
200 <- 11 (47.3684, 83.3333)
6 <- 11 2 (32.8947, 80)
6 <- 11 2 200 (27.6316, 76.1905)
200 <- 11 2 6 (26.3158, 80)
2 <- 11 200 6 (27.6316, 76.1905)
200 <- 11 2 (32.8947, 84)
6 <- 11 5 (27.6316, 95.2381)
11 <- 5 200 (26.3158, 75)
6 <- 11 5 2 (22.3684, 94.1176)
2 <- 11 5 6 (26.3158, 80)
5 <- 11 2 6 (26.3158, 80)
200 <- 11 5 2 6 (21.0526, 75)
5 <- 11 2 200 6 (21.0526, 75)
200 <- 11 5 2 (22.3684, 76.4706)
11 <- 5 2 200 (21.0526, 81.25)
2 <- 11 5 (27.6316, 80.9524)
6 <- 11 13 (25, 89.4737)
6 <- 11 13 2 (21.0526, 87.5)
2 <- 11 13 6 (22.3684, 82.3529)
200 <- 11 13 2 (21.0526, 75)
2 <- 11 13 (25, 84.2105)
5 <- 11 13 6 (22.3684, 82.3529)
5 <- 11 13 2 (21.0526, 75)
5 <- 11 13 (25, 78.9474)
6 <- 11 14 (23.6842, 88.8889)
2 <- 11 14 6 (21.0526, 75)
2 <- 11 14 (23.6842, 77.7778)
5 <- 11 14 6 (21.0526, 87.5)
5 <- 11 14 (23.6842, 83.3333)
200 <- 11 3 (27.6316, 100)
200 <- 11 8 (26.3158, 100)
200 <- 11 8 3 (25, 100)
3 <- 11 8 200 (26.3158, 95)
8 <- 11 3 200 (27.6316, 90.4762)
3 <- 11 8 (26.3158, 95)
8 <- 11 3 (27.6316, 90.4762)
200 <- 11 1 (28.9474, 86.3636)
6 <- 11 1 2 (23.6842, 77.7778)
200 <- 11 1 2 (23.6842, 83.3333)
2 <- 11 1 200 (25, 78.9474)
11 <- 1 2 200 (26.3158, 75)
2 <- 11 1 (28.9474, 81.8182)
11 <- 1 5 2 (21.0526, 75)
1 <- 11 13 2 (21.0526, 81.25)
11 <- 1 13 2 (21.0526, 81.25)
6 <- 4 (43.4211, 100)
6 <- 4 16 (26.3158, 100)
6 <- 4 2 (26.3158, 100)
6 <- 4 5 (40.7895, 100)
5 <- 4 6 (43.4211, 93.9394)
6 <- 4 5 16 (25, 100)
5 <- 4 16 6 (26.3158, 95)
4 <- 5 16 6 (32.8947, 76)
5 <- 4 16 (26.3158, 95)
6 <- 4 5 2 (25, 100)
5 <- 4 2 6 (26.3158, 95)
5 <- 4 2 (26.3158, 95)
5 <- 4 (43.4211, 93.9394)
6 <- 4 13 (35.5263, 100)
13 <- 4 6 (43.4211, 81.8182)
6 <- 4 13 16 (23.6842, 100)
13 <- 4 16 6 (26.3158, 90)
13 <- 4 16 (26.3158, 90)
13 <- 4 2 6 (26.3158, 75)
13 <- 4 2 (26.3158, 75)
6 <- 4 13 5 (34.2105, 100)
5 <- 4 13 6 (35.5263, 96.2963)
13 <- 4 5 6 (40.7895, 83.871)
4 <- 13 5 6 (44.7368, 76.4706)
6 <- 4 13 5 16 (23.6842, 100)
5 <- 4 13 16 6 (23.6842, 100)
13 <- 4 5 16 6 (25, 94.7368)
4 <- 13 5 16 6 (28.9474, 81.8182)
5 <- 4 13 16 (23.6842, 100)
13 <- 4 5 16 (25, 94.7368)
4 <- 13 5 16 (30.2632, 78.2609)
5 <- 4 13 (35.5263, 96.2963)
13 <- 4 5 (40.7895, 83.871)
13 <- 4 (43.4211, 81.8182)
6 <- 4 14 (40.7895, 100)
14 <- 4 6 (43.4211, 93.9394)
4 <- 14 6 (53.9474, 75.6098)
6 <- 4 14 16 (26.3158, 100)
14 <- 4 16 6 (26.3158, 100)
4 <- 14 16 6 (31.5789, 83.3333)
14 <- 4 16 (26.3158, 100)
4 <- 14 16 (34.2105, 76.9231)
6 <- 4 14 2 (23.6842, 100)
14 <- 4 2 6 (26.3158, 90)
4 <- 14 2 6 (31.5789, 75)
14 <- 4 2 (26.3158, 90)
6 <- 4 14 5 (38.1579, 100)
5 <- 4 14 6 (40.7895, 93.5484)
14 <- 4 5 6 (40.7895, 93.5484)
4 <- 14 5 6 (47.3684, 80.5556)
6 <- 4 14 5 16 (25, 100)
5 <- 4 14 16 6 (26.3158, 95)
14 <- 4 5 16 6 (25, 100)
4 <- 14 5 16 6 (27.6316, 90.4762)
5 <- 4 14 16 (26.3158, 95)
14 <- 4 5 16 (25, 100)
4 <- 14 5 16 (28.9474, 86.3636)
6 <- 4 14 5 2 (22.3684, 100)
5 <- 4 14 2 6 (23.6842, 94.4444)
14 <- 4 5 2 6 (25, 89.4737)
4 <- 14 5 2 6 (28.9474, 77.2727)
5 <- 4 14 2 (23.6842, 94.4444)
14 <- 4 5 2 (25, 89.4737)
5 <- 4 14 (40.7895, 93.5484)
14 <- 4 5 (40.7895, 93.5484)
4 <- 14 5 (48.6842, 78.3784)
6 <- 4 14 13 (32.8947, 100)
13 <- 4 14 6 (40.7895, 80.6452)
14 <- 4 13 6 (35.5263, 92.5926)
4 <- 14 13 6 (40.7895, 80.6452)
6 <- 4 14 13 16 (23.6842, 100)
13 <- 4 14 16 6 (26.3158, 90)
14 <- 4 13 16 6 (23.6842, 100)
4 <- 14 13 16 6 (26.3158, 90)
13 <- 4 14 16 (26.3158, 90)
14 <- 4 13 16 (23.6842, 100)
4 <- 14 13 16 (27.6316, 85.7143)
4 <- 14 13 2 6 (22.3684, 76.4706)
6 <- 4 14 13 5 (31.5789, 100)
5 <- 4 14 13 6 (32.8947, 96)
13 <- 4 14 5 6 (38.1579, 82.7586)
14 <- 4 13 5 6 (34.2105, 92.3077)
4 <- 14 13 5 6 (39.4737, 80)
6 <- 4 14 13 5 16 (23.6842, 100)
16 <- 4 14 13 5 6 (31.5789, 75)
5 <- 4 14 13 16 6 (23.6842, 100)
13 <- 4 14 5 16 6 (25, 94.7368)
14 <- 4 13 5 16 6 (23.6842, 100)
4 <- 14 13 5 16 6 (26.3158, 90)
16 <- 4 14 13 5 (31.5789, 75)
5 <- 4 14 13 16 (23.6842, 100)
13 <- 4 14 5 16 (25, 94.7368)
14 <- 4 13 5 16 (23.6842, 100)
4 <- 14 13 5 16 (27.6316, 85.7143)
4 <- 14 13 5 2 6 (21.0526, 75)
5 <- 4 14 13 (32.8947, 96)
13 <- 4 14 5 (38.1579, 82.7586)
14 <- 4 13 5 (34.2105, 92.3077)
4 <- 14 13 5 (40.7895, 77.4194)
13 <- 4 14 (40.7895, 80.6452)
14 <- 4 13 (35.5263, 92.5926)
4 <- 14 13 (42.1053, 78.125)
14 <- 4 (43.4211, 93.9394)
16 <- 7 6 (22.3684, 82.3529)
16 <- 7 (40.7895, 77.4194)
200 <- 7 6 (22.3684, 76.4706)
200 <- 7 16 (31.5789, 83.3333)
200 <- 7 (40.7895, 87.0968)
16 <- 7 2 (21.0526, 81.25)
200 <- 7 2 (21.0526, 87.5)
3 <- 7 6 (22.3684, 94.1176)
16 <- 7 3 6 (21.0526, 81.25)
16 <- 7 3 (38.1579, 75.8621)
3 <- 7 16 (31.5789, 91.6667)
200 <- 7 3 6 (21.0526, 81.25)
200 <- 7 3 16 (28.9474, 86.3636)
3 <- 7 200 16 (26.3158, 95)
200 <- 7 3 (38.1579, 89.6552)
3 <- 7 200 (35.5263, 96.2963)
16 <- 7 3 2 (21.0526, 81.25)
200 <- 7 3 2 (21.0526, 87.5)
3 <- 7 2 (21.0526, 100)
3 <- 7 (40.7895, 93.5484)
8 <- 7 6 (22.3684, 94.1176)
16 <- 7 8 6 (21.0526, 87.5)
16 <- 7 8 (39.4737, 80)
8 <- 7 16 (31.5789, 100)
7 <- 8 16 (39.4737, 80)
200 <- 7 8 6 (21.0526, 75)
16 <- 7 8 200 (34.2105, 76.9231)
200 <- 7 8 16 (31.5789, 83.3333)
8 <- 7 200 16 (26.3158, 100)
7 <- 8 200 16 (34.2105, 76.9231)
200 <- 7 8 (39.4737, 86.6667)
8 <- 7 200 (35.5263, 96.2963)
16 <- 7 8 2 (21.0526, 81.25)
200 <- 7 8 2 (21.0526, 87.5)
8 <- 7 2 (21.0526, 100)
3 <- 7 8 6 (21.0526, 93.75)
8 <- 7 3 6 (21.0526, 93.75)
16 <- 7 8 3 (36.8421, 78.5714)
3 <- 7 8 16 (31.5789, 91.6667)
8 <- 7 3 16 (28.9474, 100)
7 <- 8 3 16 (36.8421, 78.5714)
16 <- 7 8 3 200 (32.8947, 76)
200 <- 7 8 3 16 (28.9474, 86.3636)
3 <- 7 8 200 16 (26.3158, 95)
8 <- 7 3 200 16 (25, 100)
7 <- 8 3 200 16 (32.8947, 76)
200 <- 7 8 3 (36.8421, 89.2857)
3 <- 7 8 200 (34.2105, 96.1538)
8 <- 7 3 200 (34.2105, 96.1538)
7 <- 8 3 200 (43.4211, 75.7576)
16 <- 7 8 3 2 (21.0526, 81.25)
200 <- 7 8 3 2 (21.0526, 87.5)
3 <- 7 8 2 (21.0526, 100)
8 <- 7 3 2 (21.0526, 100)
3 <- 7 8 (39.4737, 93.3333)
8 <- 7 3 (38.1579, 96.5517)
7 <- 8 3 (47.3684, 77.7778)
8 <- 7 (40.7895, 96.7742)
7 <- 8 (52.6316, 75)
10 <- 7 6 (22.3684, 76.4706)
200 <- 7 10 16 (22.3684, 76.4706)
7 <- 10 200 16 (21.0526, 81.25)
200 <- 7 10 (30.2632, 82.6087)
7 <- 10 200 (30.2632, 82.6087)
10 <- 7 2 (21.0526, 75)
10 <- 7 3 6 (21.0526, 75)
7 <- 10 3 6 (21.0526, 75)
3 <- 7 10 16 (22.3684, 88.2353)
7 <- 10 3 16 (25, 78.9474)
200 <- 7 10 3 (27.6316, 85.7143)
3 <- 7 10 200 (25, 94.7368)
7 <- 10 3 200 (27.6316, 85.7143)
10 <- 7 3 2 (21.0526, 75)
3 <- 7 10 (30.2632, 91.3043)
7 <- 10 3 (32.8947, 84)
10 <- 7 8 6 (21.0526, 75)
16 <- 7 10 8 (28.9474, 77.2727)
8 <- 7 10 16 (22.3684, 100)
7 <- 10 8 16 (25, 89.4737)
200 <- 7 10 8 16 (22.3684, 76.4706)
200 <- 7 10 8 (28.9474, 81.8182)
8 <- 7 10 200 (25, 94.7368)
7 <- 10 8 200 (26.3158, 90)
10 <- 7 8 2 (21.0526, 75)
16 <- 7 10 8 3 (26.3158, 75)
3 <- 7 10 8 16 (22.3684, 88.2353)
7 <- 10 8 3 16 (22.3684, 88.2353)
200 <- 7 10 8 3 (26.3158, 85)
3 <- 7 10 8 200 (23.6842, 94.4444)
8 <- 7 10 3 200 (23.6842, 94.4444)
7 <- 10 8 3 200 (25, 89.4737)
10 <- 7 8 3 2 (21.0526, 75)
3 <- 7 10 8 (28.9474, 90.9091)
8 <- 7 10 3 (27.6316, 95.2381)
7 <- 10 8 3 (28.9474, 90.9091)
8 <- 7 10 (30.2632, 95.6522)
7 <- 10 8 (31.5789, 91.6667)
200 <- 7 1 (26.3158, 90)
200 <- 7 1 3 (26.3158, 90)
3 <- 7 1 200 (23.6842, 100)
3 <- 7 1 (26.3158, 100)
7 <- 1 8 16 (23.6842, 77.7778)
7 <- 1 8 200 16 (21.0526, 75)
200 <- 7 1 8 (25, 89.4737)
8 <- 7 1 200 (23.6842, 94.4444)
7 <- 1 8 3 16 (23.6842, 77.7778)
7 <- 1 8 3 200 16 (21.0526, 75)
200 <- 7 1 8 3 (25, 89.4737)
3 <- 7 1 8 200 (22.3684, 100)
8 <- 7 1 3 200 (23.6842, 94.4444)
7 <- 1 8 3 200 (28.9474, 77.2727)
3 <- 7 1 8 (25, 100)
8 <- 7 1 3 (26.3158, 95)
7 <- 1 8 3 (31.5789, 79.1667)
8 <- 7 1 (26.3158, 95)
7 <- 1 8 (32.8947, 76)
10 <- 7 1 3 (26.3158, 75)
7 <- 1 10 3 (22.3684, 88.2353)
10 <- 7 1 (26.3158, 75)
7 <- 1 10 (26.3158, 75)
6 <- 12 (39.4737, 96.6667)
6 <- 12 16 (23.6842, 94.4444)
6 <- 12 5 (30.2632, 100)
5 <- 12 6 (38.1579, 79.3103)
5 <- 12 16 6 (22.3684, 82.3529)
5 <- 12 16 (23.6842, 77.7778)
5 <- 12 (39.4737, 76.6667)
6 <- 12 13 (30.2632, 100)
13 <- 12 6 (38.1579, 79.3103)
13 <- 12 16 6 (22.3684, 88.2353)
13 <- 12 16 (23.6842, 83.3333)
6 <- 12 13 5 (26.3158, 100)
5 <- 12 13 6 (30.2632, 86.9565)
13 <- 12 5 6 (30.2632, 86.9565)
5 <- 12 13 (30.2632, 86.9565)
13 <- 12 5 (30.2632, 86.9565)
13 <- 12 (39.4737, 76.6667)
6 <- 12 14 (35.5263, 100)
14 <- 12 6 (38.1579, 93.1034)
6 <- 12 14 16 (21.0526, 100)
14 <- 12 16 6 (22.3684, 94.1176)
14 <- 12 16 (23.6842, 88.8889)
6 <- 12 14 5 (30.2632, 100)
5 <- 12 14 6 (35.5263, 85.1852)
14 <- 12 5 6 (30.2632, 100)
5 <- 12 14 16 6 (21.0526, 87.5)
5 <- 12 14 16 (21.0526, 87.5)
5 <- 12 14 (35.5263, 85.1852)
14 <- 12 5 (30.2632, 100)
6 <- 12 14 13 (27.6316, 100)
13 <- 12 14 6 (35.5263, 77.7778)
14 <- 12 13 6 (30.2632, 91.3043)
13 <- 12 14 16 6 (21.0526, 87.5)
13 <- 12 14 16 (21.0526, 87.5)
6 <- 12 14 13 5 (26.3158, 100)
5 <- 12 14 13 6 (27.6316, 95.2381)
13 <- 12 14 5 6 (30.2632, 86.9565)
14 <- 12 13 5 6 (26.3158, 100)
5 <- 12 14 13 (27.6316, 95.2381)
13 <- 12 14 5 (30.2632, 86.9565)
14 <- 12 13 5 (26.3158, 100)
13 <- 12 14 (35.5263, 77.7778)
14 <- 12 13 (30.2632, 91.3043)
14 <- 12 (39.4737, 90)
6 <- 12 4 (31.5789, 100)
4 <- 12 6 (38.1579, 82.7586)
4 <- 12 16 6 (22.3684, 88.2353)
12 <- 4 16 6 (26.3158, 75)
4 <- 12 16 (23.6842, 83.3333)
12 <- 4 16 (26.3158, 75)
6 <- 12 4 5 (28.9474, 100)
5 <- 12 4 6 (31.5789, 91.6667)
4 <- 12 5 6 (30.2632, 95.6522)
5 <- 12 4 (31.5789, 91.6667)
4 <- 12 5 (30.2632, 95.6522)
6 <- 12 4 13 (26.3158, 100)
13 <- 12 4 6 (31.5789, 83.3333)
4 <- 12 13 6 (30.2632, 86.9565)
12 <- 4 13 16 6 (23.6842, 77.7778)
12 <- 4 13 16 (23.6842, 77.7778)
6 <- 12 4 13 5 (25, 100)
5 <- 12 4 13 6 (26.3158, 95)
13 <- 12 4 5 6 (28.9474, 86.3636)
4 <- 12 13 5 6 (26.3158, 95)
12 <- 4 13 5 16 6 (23.6842, 77.7778)
12 <- 4 13 5 16 (23.6842, 77.7778)
5 <- 12 4 13 (26.3158, 95)
13 <- 12 4 5 (28.9474, 86.3636)
4 <- 12 13 5 (26.3158, 95)
13 <- 12 4 (31.5789, 83.3333)
4 <- 12 13 (30.2632, 86.9565)
6 <- 12 4 14 (31.5789, 100)
14 <- 12 4 6 (31.5789, 100)
4 <- 12 14 6 (35.5263, 88.8889)
12 <- 4 14 6 (40.7895, 77.4194)
4 <- 12 14 16 6 (21.0526, 93.75)
12 <- 4 14 16 6 (26.3158, 75)
4 <- 12 14 16 (21.0526, 93.75)
12 <- 4 14 16 (26.3158, 75)
6 <- 12 4 14 5 (28.9474, 100)
5 <- 12 4 14 6 (31.5789, 91.6667)
14 <- 12 4 5 6 (28.9474, 100)
4 <- 12 14 5 6 (30.2632, 95.6522)
12 <- 4 14 5 6 (38.1579, 75.8621)
5 <- 12 4 14 (31.5789, 91.6667)
14 <- 12 4 5 (28.9474, 100)
4 <- 12 14 5 (30.2632, 95.6522)
12 <- 4 14 5 (38.1579, 75.8621)
6 <- 12 4 14 13 (26.3158, 100)
13 <- 12 4 14 6 (31.5789, 83.3333)
14 <- 12 4 13 6 (26.3158, 100)
4 <- 12 14 13 6 (27.6316, 95.2381)
12 <- 4 14 13 6 (32.8947, 80)
12 <- 4 14 13 16 6 (23.6842, 77.7778)
12 <- 4 14 13 16 (23.6842, 77.7778)
6 <- 12 4 14 13 5 (25, 100)
5 <- 12 4 14 13 6 (26.3158, 95)
13 <- 12 4 14 5 6 (28.9474, 86.3636)
14 <- 12 4 13 5 6 (25, 100)
4 <- 12 14 13 5 6 (26.3158, 95)
12 <- 4 14 13 5 6 (31.5789, 79.1667)
12 <- 4 14 13 5 16 6 (23.6842, 77.7778)
12 <- 4 14 13 5 16 (23.6842, 77.7778)
5 <- 12 4 14 13 (26.3158, 95)
13 <- 12 4 14 5 (28.9474, 86.3636)
14 <- 12 4 13 5 (25, 100)
4 <- 12 14 13 5 (26.3158, 95)
12 <- 4 14 13 5 (31.5789, 79.1667)
13 <- 12 4 14 (31.5789, 83.3333)
14 <- 12 4 13 (26.3158, 100)
4 <- 12 14 13 (27.6316, 95.2381)
12 <- 4 14 13 (32.8947, 80)
14 <- 12 4 (31.5789, 100)
4 <- 12 14 (35.5263, 88.8889)
12 <- 4 14 (40.7895, 77.4194)
4 <- 12 (39.4737, 80)
6 <- 100 (36.8421, 100)
6 <- 100 16 (25, 100)
6 <- 100 5 (32.8947, 100)
5 <- 100 6 (36.8421, 89.2857)
6 <- 100 5 16 (23.6842, 100)
5 <- 100 16 6 (25, 94.7368)
5 <- 100 16 (25, 94.7368)
5 <- 100 (36.8421, 89.2857)
6 <- 100 13 (31.5789, 100)
13 <- 100 6 (36.8421, 85.7143)
6 <- 100 13 16 (22.3684, 100)
13 <- 100 16 6 (25, 89.4737)
13 <- 100 16 (25, 89.4737)
6 <- 100 13 5 (28.9474, 100)
5 <- 100 13 6 (31.5789, 91.6667)
13 <- 100 5 6 (32.8947, 88)
6 <- 100 13 5 16 (22.3684, 100)
16 <- 100 13 5 6 (28.9474, 77.2727)
5 <- 100 13 16 6 (22.3684, 100)
13 <- 100 5 16 6 (23.6842, 94.4444)
100 <- 13 5 16 6 (28.9474, 77.2727)
16 <- 100 13 5 (28.9474, 77.2727)
5 <- 100 13 16 (22.3684, 100)
13 <- 100 5 16 (23.6842, 94.4444)
5 <- 100 13 (31.5789, 91.6667)
13 <- 100 5 (32.8947, 88)
13 <- 100 (36.8421, 85.7143)
6 <- 100 14 (32.8947, 100)
14 <- 100 6 (36.8421, 89.2857)
6 <- 100 14 16 (25, 100)
16 <- 100 14 6 (32.8947, 76)
14 <- 100 16 6 (25, 100)
100 <- 14 16 6 (31.5789, 79.1667)
16 <- 100 14 (32.8947, 76)
14 <- 100 16 (25, 100)
6 <- 100 14 5 (30.2632, 100)
5 <- 100 14 6 (32.8947, 92)
14 <- 100 5 6 (32.8947, 92)
6 <- 100 14 5 16 (23.6842, 100)
16 <- 100 14 5 6 (30.2632, 78.2609)
5 <- 100 14 16 6 (25, 94.7368)
14 <- 100 5 16 6 (23.6842, 100)
100 <- 14 5 16 6 (27.6316, 85.7143)
16 <- 100 14 5 (30.2632, 78.2609)
5 <- 100 14 16 (25, 94.7368)
14 <- 100 5 16 (23.6842, 100)
100 <- 14 5 16 (28.9474, 81.8182)
5 <- 100 14 (32.8947, 92)
14 <- 100 5 (32.8947, 92)
6 <- 100 14 13 (27.6316, 100)
13 <- 100 14 6 (32.8947, 84)
14 <- 100 13 6 (31.5789, 87.5)
6 <- 100 14 13 16 (22.3684, 100)
16 <- 100 14 13 6 (27.6316, 80.9524)
13 <- 100 14 16 6 (25, 89.4737)
14 <- 100 13 16 6 (22.3684, 100)
100 <- 14 13 16 6 (26.3158, 85)
16 <- 100 14 13 (27.6316, 80.9524)
13 <- 100 14 16 (25, 89.4737)
14 <- 100 13 16 (22.3684, 100)
100 <- 14 13 16 (27.6316, 80.9524)
6 <- 100 14 13 5 (26.3158, 100)
5 <- 100 14 13 6 (27.6316, 95.2381)
13 <- 100 14 5 6 (30.2632, 86.9565)
14 <- 100 13 5 6 (28.9474, 90.9091)
6 <- 100 14 13 5 16 (22.3684, 100)
16 <- 100 14 13 5 6 (26.3158, 85)
5 <- 100 14 13 16 6 (22.3684, 100)
13 <- 100 14 5 16 6 (23.6842, 94.4444)
14 <- 100 13 5 16 6 (22.3684, 100)
100 <- 14 13 5 16 6 (26.3158, 85)
16 <- 100 14 13 5 (26.3158, 85)
5 <- 100 14 13 16 (22.3684, 100)
13 <- 100 14 5 16 (23.6842, 94.4444)
14 <- 100 13 5 16 (22.3684, 100)
100 <- 14 13 5 16 (27.6316, 80.9524)
5 <- 100 14 13 (27.6316, 95.2381)
13 <- 100 14 5 (30.2632, 86.9565)
14 <- 100 13 5 (28.9474, 90.9091)
13 <- 100 14 (32.8947, 84)
14 <- 100 13 (31.5789, 87.5)
14 <- 100 (36.8421, 89.2857)
6 <- 100 4 (35.5263, 100)
4 <- 100 6 (36.8421, 96.4286)
100 <- 4 6 (43.4211, 81.8182)
6 <- 100 4 16 (25, 100)
4 <- 100 16 6 (25, 100)
100 <- 4 16 6 (26.3158, 95)
4 <- 100 16 (25, 100)
100 <- 4 16 (26.3158, 95)
100 <- 4 2 6 (26.3158, 75)
100 <- 4 2 (26.3158, 75)
6 <- 100 4 5 (32.8947, 100)
5 <- 100 4 6 (35.5263, 92.5926)
4 <- 100 5 6 (32.8947, 100)
100 <- 4 5 6 (40.7895, 80.6452)
6 <- 100 4 5 16 (23.6842, 100)
5 <- 100 4 16 6 (25, 94.7368)
4 <- 100 5 16 6 (23.6842, 100)
100 <- 4 5 16 6 (25, 94.7368)
5 <- 100 4 16 (25, 94.7368)
4 <- 100 5 16 (23.6842, 100)
100 <- 4 5 16 (25, 94.7368)
5 <- 100 4 (35.5263, 92.5926)
4 <- 100 5 (32.8947, 100)
100 <- 4 5 (40.7895, 80.6452)
6 <- 100 4 13 (30.2632, 100)
13 <- 100 4 6 (35.5263, 85.1852)
4 <- 100 13 6 (31.5789, 95.8333)
100 <- 4 13 6 (35.5263, 85.1852)
6 <- 100 4 13 16 (22.3684, 100)
13 <- 100 4 16 6 (25, 89.4737)
4 <- 100 13 16 6 (22.3684, 100)
100 <- 4 13 16 6 (23.6842, 94.4444)
13 <- 100 4 16 (25, 89.4737)
4 <- 100 13 16 (22.3684, 100)
100 <- 4 13 16 (23.6842, 94.4444)
6 <- 100 4 13 5 (28.9474, 100)
5 <- 100 4 13 6 (30.2632, 95.6522)
13 <- 100 4 5 6 (32.8947, 88)
4 <- 100 13 5 6 (28.9474, 100)
100 <- 4 13 5 6 (34.2105, 84.6154)
6 <- 100 4 13 5 16 (22.3684, 100)
16 <- 100 4 13 5 6 (28.9474, 77.2727)
5 <- 100 4 13 16 6 (22.3684, 100)
13 <- 100 4 5 16 6 (23.6842, 94.4444)
4 <- 100 13 5 16 6 (22.3684, 100)
100 <- 4 13 5 16 6 (23.6842, 94.4444)
16 <- 100 4 13 5 (28.9474, 77.2727)
5 <- 100 4 13 16 (22.3684, 100)
13 <- 100 4 5 16 (23.6842, 94.4444)
4 <- 100 13 5 16 (22.3684, 100)
100 <- 4 13 5 16 (23.6842, 94.4444)
5 <- 100 4 13 (30.2632, 95.6522)
13 <- 100 4 5 (32.8947, 88)
4 <- 100 13 5 (28.9474, 100)
100 <- 4 13 5 (34.2105, 84.6154)
13 <- 100 4 (35.5263, 85.1852)
4 <- 100 13 (31.5789, 95.8333)
100 <- 4 13 (35.5263, 85.1852)
6 <- 100 4 14 (32.8947, 100)
14 <- 100 4 6 (35.5263, 92.5926)
4 <- 100 14 6 (32.8947, 100)
100 <- 4 14 6 (40.7895, 80.6452)
6 <- 100 4 14 16 (25, 100)
16 <- 100 4 14 6 (32.8947, 76)
14 <- 100 4 16 6 (25, 100)
4 <- 100 14 16 6 (25, 100)
100 <- 4 14 16 6 (26.3158, 95)
16 <- 100 4 14 (32.8947, 76)
14 <- 100 4 16 (25, 100)
4 <- 100 14 16 (25, 100)
100 <- 4 14 16 (26.3158, 95)
6 <- 100 4 14 5 (30.2632, 100)
5 <- 100 4 14 6 (32.8947, 92)
14 <- 100 4 5 6 (32.8947, 92)
4 <- 100 14 5 6 (30.2632, 100)
100 <- 4 14 5 6 (38.1579, 79.3103)
6 <- 100 4 14 5 16 (23.6842, 100)
16 <- 100 4 14 5 6 (30.2632, 78.2609)
5 <- 100 4 14 16 6 (25, 94.7368)
14 <- 100 4 5 16 6 (23.6842, 100)
4 <- 100 14 5 16 6 (23.6842, 100)
100 <- 4 14 5 16 6 (25, 94.7368)
16 <- 100 4 14 5 (30.2632, 78.2609)
5 <- 100 4 14 16 (25, 94.7368)
14 <- 100 4 5 16 (23.6842, 100)
4 <- 100 14 5 16 (23.6842, 100)
100 <- 4 14 5 16 (25, 94.7368)
5 <- 100 4 14 (32.8947, 92)
14 <- 100 4 5 (32.8947, 92)
4 <- 100 14 5 (30.2632, 100)
100 <- 4 14 5 (38.1579, 79.3103)
6 <- 100 4 14 13 (27.6316, 100)
13 <- 100 4 14 6 (32.8947, 84)
14 <- 100 4 13 6 (30.2632, 91.3043)
4 <- 100 14 13 6 (27.6316, 100)
100 <- 4 14 13 6 (32.8947, 84)
6 <- 100 4 14 13 16 (22.3684, 100)
16 <- 100 4 14 13 6 (27.6316, 80.9524)
13 <- 100 4 14 16 6 (25, 89.4737)
14 <- 100 4 13 16 6 (22.3684, 100)
4 <- 100 14 13 16 6 (22.3684, 100)
100 <- 4 14 13 16 6 (23.6842, 94.4444)
16 <- 100 4 14 13 (27.6316, 80.9524)
13 <- 100 4 14 16 (25, 89.4737)
14 <- 100 4 13 16 (22.3684, 100)
4 <- 100 14 13 16 (22.3684, 100)
100 <- 4 14 13 16 (23.6842, 94.4444)
6 <- 100 4 14 13 5 (26.3158, 100)
5 <- 100 4 14 13 6 (27.6316, 95.2381)
13 <- 100 4 14 5 6 (30.2632, 86.9565)
14 <- 100 4 13 5 6 (28.9474, 90.9091)
4 <- 100 14 13 5 6 (26.3158, 100)
100 <- 4 14 13 5 6 (31.5789, 83.3333)
6 <- 100 4 14 13 5 16 (22.3684, 100)
16 <- 100 4 14 13 5 6 (26.3158, 85)
5 <- 100 4 14 13 16 6 (22.3684, 100)
13 <- 100 4 14 5 16 6 (23.6842, 94.4444)
14 <- 100 4 13 5 16 6 (22.3684, 100)
4 <- 100 14 13 5 16 6 (22.3684, 100)
100 <- 4 14 13 5 16 6 (23.6842, 94.4444)
16 <- 100 4 14 13 5 (26.3158, 85)
5 <- 100 4 14 13 16 (22.3684, 100)
13 <- 100 4 14 5 16 (23.6842, 94.4444)
14 <- 100 4 13 5 16 (22.3684, 100)
4 <- 100 14 13 5 16 (22.3684, 100)
100 <- 4 14 13 5 16 (23.6842, 94.4444)
5 <- 100 4 14 13 (27.6316, 95.2381)
13 <- 100 4 14 5 (30.2632, 86.9565)
14 <- 100 4 13 5 (28.9474, 90.9091)
4 <- 100 14 13 5 (26.3158, 100)
100 <- 4 14 13 5 (31.5789, 83.3333)
13 <- 100 4 14 (32.8947, 84)
14 <- 100 4 13 (30.2632, 91.3043)
4 <- 100 14 13 (27.6316, 100)
100 <- 4 14 13 (32.8947, 84)
14 <- 100 4 (35.5263, 92.5926)
4 <- 100 14 (32.8947, 100)
100 <- 4 14 (40.7895, 80.6452)
4 <- 100 (36.8421, 96.4286)
100 <- 4 (43.4211, 81.8182)
6 <- 100 12 (26.3158, 100)
100 <- 12 16 6 (22.3684, 82.3529)
100 <- 12 16 (23.6842, 77.7778)
6 <- 100 12 5 (22.3684, 100)
5 <- 100 12 6 (26.3158, 85)
16 <- 100 12 5 6 (22.3684, 76.4706)
16 <- 100 12 5 (22.3684, 76.4706)
5 <- 100 12 (26.3158, 85)
6 <- 100 12 13 (23.6842, 100)
13 <- 100 12 6 (26.3158, 90)
12 <- 100 13 6 (31.5789, 75)
100 <- 12 13 6 (30.2632, 78.2609)
12 <- 100 13 16 6 (22.3684, 76.4706)
12 <- 100 13 16 (22.3684, 76.4706)
6 <- 100 12 13 5 (21.0526, 100)
5 <- 100 12 13 6 (23.6842, 88.8889)
13 <- 100 12 5 6 (22.3684, 94.1176)
100 <- 12 13 5 6 (26.3158, 80)
16 <- 100 12 13 5 6 (21.0526, 81.25)
12 <- 100 13 5 16 6 (22.3684, 76.4706)
16 <- 100 12 13 5 (21.0526, 81.25)
12 <- 100 13 5 16 (22.3684, 76.4706)
5 <- 100 12 13 (23.6842, 88.8889)
13 <- 100 12 5 (22.3684, 94.1176)
100 <- 12 13 5 (26.3158, 80)
13 <- 100 12 (26.3158, 90)
12 <- 100 13 (31.5789, 75)
100 <- 12 13 (30.2632, 78.2609)
6 <- 100 12 14 (25, 100)
14 <- 100 12 6 (26.3158, 95)
12 <- 100 14 6 (32.8947, 76)
100 <- 12 14 16 6 (21.0526, 87.5)
100 <- 12 14 16 (21.0526, 87.5)
6 <- 100 12 14 5 (22.3684, 100)
5 <- 100 12 14 6 (25, 89.4737)
14 <- 100 12 5 6 (22.3684, 100)
16 <- 100 12 14 5 6 (22.3684, 76.4706)
16 <- 100 12 14 5 (22.3684, 76.4706)
5 <- 100 12 14 (25, 89.4737)
14 <- 100 12 5 (22.3684, 100)
6 <- 100 12 14 13 (22.3684, 100)
13 <- 100 12 14 6 (25, 89.4737)
14 <- 100 12 13 6 (23.6842, 94.4444)
12 <- 100 14 13 6 (27.6316, 80.9524)
100 <- 12 14 13 6 (27.6316, 80.9524)
16 <- 100 12 14 13 6 (22.3684, 76.4706)
12 <- 100 14 13 16 6 (22.3684, 76.4706)
16 <- 100 12 14 13 (22.3684, 76.4706)
12 <- 100 14 13 16 (22.3684, 76.4706)
6 <- 100 12 14 13 5 (21.0526, 100)
5 <- 100 12 14 13 6 (22.3684, 94.1176)
13 <- 100 12 14 5 6 (22.3684, 94.1176)
14 <- 100 12 13 5 6 (21.0526, 100)
12 <- 100 14 13 5 6 (26.3158, 80)
100 <- 12 14 13 5 6 (26.3158, 80)
16 <- 100 12 14 13 5 6 (21.0526, 81.25)
12 <- 100 14 13 5 16 6 (22.3684, 76.4706)
16 <- 100 12 14 13 5 (21.0526, 81.25)
12 <- 100 14 13 5 16 (22.3684, 76.4706)
5 <- 100 12 14 13 (22.3684, 94.1176)
13 <- 100 12 14 5 (22.3684, 94.1176)
14 <- 100 12 13 5 (21.0526, 100)
12 <- 100 14 13 5 (26.3158, 80)
100 <- 12 14 13 5 (26.3158, 80)
13 <- 100 12 14 (25, 89.4737)
14 <- 100 12 13 (23.6842, 94.4444)
12 <- 100 14 13 (27.6316, 80.9524)
100 <- 12 14 13 (27.6316, 80.9524)
14 <- 100 12 (26.3158, 95)
12 <- 100 14 (32.8947, 76)
6 <- 100 12 4 (25, 100)
4 <- 100 12 6 (26.3158, 95)
100 <- 12 4 6 (31.5789, 79.1667)
6 <- 100 12 4 5 (22.3684, 100)
5 <- 100 12 4 6 (25, 89.4737)
4 <- 100 12 5 6 (22.3684, 100)
100 <- 12 4 5 6 (28.9474, 77.2727)
16 <- 100 12 4 5 6 (22.3684, 76.4706)
16 <- 100 12 4 5 (22.3684, 76.4706)
5 <- 100 12 4 (25, 89.4737)
4 <- 100 12 5 (22.3684, 100)
100 <- 12 4 5 (28.9474, 77.2727)
6 <- 100 12 4 13 (22.3684, 100)
13 <- 100 12 4 6 (25, 89.4737)
4 <- 100 12 13 6 (23.6842, 94.4444)
100 <- 12 4 13 6 (26.3158, 85)
16 <- 100 12 4 13 6 (22.3684, 76.4706)
12 <- 100 4 13 16 6 (22.3684, 76.4706)
16 <- 100 12 4 13 (22.3684, 76.4706)
12 <- 100 4 13 16 (22.3684, 76.4706)
6 <- 100 12 4 13 5 (21.0526, 100)
5 <- 100 12 4 13 6 (22.3684, 94.1176)
13 <- 100 12 4 5 6 (22.3684, 94.1176)
4 <- 100 12 13 5 6 (21.0526, 100)
100 <- 12 4 13 5 6 (25, 84.2105)
16 <- 100 12 4 13 5 6 (21.0526, 81.25)
12 <- 100 4 13 5 16 6 (22.3684, 76.4706)
16 <- 100 12 4 13 5 (21.0526, 81.25)
12 <- 100 4 13 5 16 (22.3684, 76.4706)
5 <- 100 12 4 13 (22.3684, 94.1176)
13 <- 100 12 4 5 (22.3684, 94.1176)
4 <- 100 12 13 5 (21.0526, 100)
100 <- 12 4 13 5 (25, 84.2105)
13 <- 100 12 4 (25, 89.4737)
4 <- 100 12 13 (23.6842, 94.4444)
100 <- 12 4 13 (26.3158, 85)
6 <- 100 12 4 14 (25, 100)
14 <- 100 12 4 6 (25, 100)
4 <- 100 12 14 6 (25, 100)
12 <- 100 4 14 6 (32.8947, 76)
100 <- 12 4 14 6 (31.5789, 79.1667)
6 <- 100 12 4 14 5 (22.3684, 100)
5 <- 100 12 4 14 6 (25, 89.4737)
14 <- 100 12 4 5 6 (22.3684, 100)
4 <- 100 12 14 5 6 (22.3684, 100)
100 <- 12 4 14 5 6 (28.9474, 77.2727)
16 <- 100 12 4 14 5 6 (22.3684, 76.4706)
16 <- 100 12 4 14 5 (22.3684, 76.4706)
5 <- 100 12 4 14 (25, 89.4737)
14 <- 100 12 4 5 (22.3684, 100)
4 <- 100 12 14 5 (22.3684, 100)
100 <- 12 4 14 5 (28.9474, 77.2727)
6 <- 100 12 4 14 13 (22.3684, 100)
13 <- 100 12 4 14 6 (25, 89.4737)
14 <- 100 12 4 13 6 (22.3684, 100)
4 <- 100 12 14 13 6 (22.3684, 100)
12 <- 100 4 14 13 6 (27.6316, 80.9524)
100 <- 12 4 14 13 6 (26.3158, 85)
16 <- 100 12 4 14 13 6 (22.3684, 76.4706)
12 <- 100 4 14 13 16 6 (22.3684, 76.4706)
16 <- 100 12 4 14 13 (22.3684, 76.4706)
12 <- 100 4 14 13 16 (22.3684, 76.4706)
6 <- 100 12 4 14 13 5 (21.0526, 100)
5 <- 100 12 4 14 13 6 (22.3684, 94.1176)
13 <- 100 12 4 14 5 6 (22.3684, 94.1176)
14 <- 100 12 4 13 5 6 (21.0526, 100)
4 <- 100 12 14 13 5 6 (21.0526, 100)
12 <- 100 4 14 13 5 6 (26.3158, 80)
100 <- 12 4 14 13 5 6 (25, 84.2105)
16 <- 100 12 4 14 13 5 6 (21.0526, 81.25)
12 <- 100 4 14 13 5 16 6 (22.3684, 76.4706)
16 <- 100 12 4 14 13 5 (21.0526, 81.25)
12 <- 100 4 14 13 5 16 (22.3684, 76.4706)
5 <- 100 12 4 14 13 (22.3684, 94.1176)
13 <- 100 12 4 14 5 (22.3684, 94.1176)
14 <- 100 12 4 13 5 (21.0526, 100)
4 <- 100 12 14 13 5 (21.0526, 100)
12 <- 100 4 14 13 5 (26.3158, 80)
100 <- 12 4 14 13 5 (25, 84.2105)
13 <- 100 12 4 14 (25, 89.4737)
14 <- 100 12 4 13 (22.3684, 100)
4 <- 100 12 14 13 (22.3684, 100)
12 <- 100 4 14 13 (27.6316, 80.9524)
100 <- 12 4 14 13 (26.3158, 85)
14 <- 100 12 4 (25, 100)
4 <- 100 12 14 (25, 100)
12 <- 100 4 14 (32.8947, 76)
100 <- 12 4 14 (31.5789, 79.1667)
4 <- 100 12 (26.3158, 95)
100 <- 12 4 (31.5789, 79.1667)
16 <- 9 200 (31.5789, 75)
200 <- 9 16 (26.3158, 90)
200 <- 9 (35.5263, 88.8889)
16 <- 9 3 (31.5789, 79.1667)
3 <- 9 16 (26.3158, 95)
16 <- 9 3 200 (28.9474, 77.2727)
200 <- 9 3 16 (25, 89.4737)
3 <- 9 200 16 (23.6842, 94.4444)
200 <- 9 3 (31.5789, 91.6667)
3 <- 9 200 (31.5789, 91.6667)
3 <- 9 (35.5263, 88.8889)
16 <- 9 8 (31.5789, 75)
8 <- 9 16 (26.3158, 90)
16 <- 9 8 200 (28.9474, 77.2727)
200 <- 9 8 16 (23.6842, 94.4444)
8 <- 9 200 16 (23.6842, 94.4444)
200 <- 9 8 (31.5789, 91.6667)
8 <- 9 200 (31.5789, 91.6667)
16 <- 9 8 3 (27.6316, 80.9524)
3 <- 9 8 16 (23.6842, 94.4444)
8 <- 9 3 16 (25, 89.4737)
16 <- 9 8 3 200 (26.3158, 80)
200 <- 9 8 3 16 (22.3684, 94.1176)
3 <- 9 8 200 16 (22.3684, 94.1176)
8 <- 9 3 200 16 (22.3684, 94.1176)
200 <- 9 8 3 (27.6316, 95.2381)
3 <- 9 8 200 (28.9474, 90.9091)
8 <- 9 3 200 (28.9474, 90.9091)
3 <- 9 8 (31.5789, 87.5)
8 <- 9 3 (31.5789, 87.5)
8 <- 9 (35.5263, 88.8889)
16 <- 9 10 (21.0526, 81.25)
200 <- 9 10 (21.0526, 87.5)
3 <- 9 10 (21.0526, 93.75)
8 <- 9 10 (21.0526, 81.25)
200 <- 9 1 (25, 100)
1 <- 9 200 (31.5789, 79.1667)
1 <- 9 3 200 16 (22.3684, 76.4706)
200 <- 9 1 3 (23.6842, 100)
3 <- 9 1 200 (25, 94.7368)
1 <- 9 3 200 (28.9474, 81.8182)
3 <- 9 1 (25, 94.7368)
1 <- 9 3 (31.5789, 75)
9 <- 1 8 200 16 (21.0526, 75)
200 <- 9 1 8 (22.3684, 100)
8 <- 9 1 200 (25, 89.4737)
1 <- 9 8 200 (28.9474, 77.2727)
16 <- 9 1 8 3 (21.0526, 75)
16 <- 9 1 8 3 200 (21.0526, 75)
1 <- 9 8 3 200 16 (21.0526, 75)
9 <- 1 8 3 200 16 (21.0526, 75)
200 <- 9 1 8 3 (21.0526, 100)
3 <- 9 1 8 200 (22.3684, 94.1176)
8 <- 9 1 3 200 (23.6842, 88.8889)
1 <- 9 8 3 200 (26.3158, 80)
3 <- 9 1 8 (22.3684, 94.1176)
8 <- 9 1 3 (23.6842, 88.8889)
1 <- 9 8 3 (27.6316, 76.1905)
8 <- 9 1 (25, 89.4737)
16 <- 9 7 (26.3158, 80)
7 <- 9 16 (26.3158, 80)
16 <- 9 7 200 (25, 78.9474)
200 <- 9 7 16 (21.0526, 93.75)
7 <- 9 200 16 (23.6842, 83.3333)
9 <- 7 200 16 (26.3158, 75)
200 <- 9 7 (26.3158, 95)
7 <- 9 200 (31.5789, 79.1667)
16 <- 9 7 3 (25, 78.9474)
3 <- 9 7 16 (21.0526, 93.75)
7 <- 9 3 16 (25, 78.9474)
16 <- 9 7 3 200 (23.6842, 77.7778)
7 <- 9 3 200 16 (22.3684, 82.3529)
200 <- 9 7 3 (25, 94.7368)
3 <- 9 7 200 (25, 94.7368)
7 <- 9 3 200 (28.9474, 81.8182)
3 <- 9 7 (26.3158, 95)
7 <- 9 3 (31.5789, 79.1667)
16 <- 9 7 8 (25, 84.2105)
8 <- 9 7 16 (21.0526, 100)
7 <- 9 8 16 (23.6842, 88.8889)
16 <- 9 7 8 200 (23.6842, 83.3333)
200 <- 9 7 8 16 (21.0526, 93.75)
7 <- 9 8 200 16 (22.3684, 88.2353)
9 <- 7 8 200 16 (26.3158, 75)
200 <- 9 7 8 (25, 94.7368)
8 <- 9 7 200 (25, 94.7368)
7 <- 9 8 200 (28.9474, 81.8182)
16 <- 9 7 8 3 (23.6842, 83.3333)
3 <- 9 7 8 16 (21.0526, 93.75)
7 <- 9 8 3 16 (22.3684, 88.2353)
16 <- 9 7 8 3 200 (22.3684, 82.3529)
7 <- 9 8 3 200 16 (21.0526, 87.5)
200 <- 9 7 8 3 (23.6842, 94.4444)
3 <- 9 7 8 200 (23.6842, 94.4444)
8 <- 9 7 3 200 (23.6842, 94.4444)
7 <- 9 8 3 200 (26.3158, 85)
3 <- 9 7 8 (25, 94.7368)
8 <- 9 7 3 (25, 94.7368)
7 <- 9 8 3 (27.6316, 85.7143)
8 <- 9 7 (26.3158, 95)
7 <- 9 8 (31.5789, 79.1667)
7 <- 9 10 (21.0526, 81.25)
9 <- 7 1 200 (23.6842, 77.7778)
1 <- 9 7 3 200 (23.6842, 77.7778)
7 <- 9 1 3 200 (23.6842, 77.7778)
9 <- 7 1 3 200 (23.6842, 77.7778)
7 <- 9 1 3 (23.6842, 77.7778)
7 <- 9 1 8 200 (22.3684, 76.4706)
9 <- 7 1 8 200 (22.3684, 76.4706)
1 <- 9 7 8 3 200 (22.3684, 76.4706)
7 <- 9 1 8 3 200 (21.0526, 81.25)
9 <- 7 1 8 3 200 (22.3684, 76.4706)
7 <- 9 1 8 3 (21.0526, 81.25)
7 <- 9 1 8 (22.3684, 76.4706)
200 <- 15 (26.3158, 100)
16 <- 15 3 (22.3684, 76.4706)
16 <- 15 3 200 (22.3684, 76.4706)
200 <- 15 3 (22.3684, 100)
3 <- 15 200 (26.3158, 85)
3 <- 15 (26.3158, 85)
200 <- 15 8 (25, 100)
8 <- 15 200 (26.3158, 95)
16 <- 15 8 3 (22.3684, 76.4706)
16 <- 15 8 3 200 (22.3684, 76.4706)
200 <- 15 8 3 (22.3684, 100)
3 <- 15 8 200 (25, 89.4737)
8 <- 15 3 200 (22.3684, 100)
3 <- 15 8 (25, 89.4737)
8 <- 15 3 (22.3684, 100)
8 <- 15 (26.3158, 95)
7 <- 15 200 (26.3158, 75)
7 <- 15 3 200 (22.3684, 82.3529)
7 <- 15 3 (22.3684, 82.3529)
7 <- 15 8 200 (25, 78.9474)
7 <- 15 8 3 200 (22.3684, 82.3529)
7 <- 15 8 3 (22.3684, 82.3529)
7 <- 15 8 (25, 78.9474)
7 <- 15 (26.3158, 75)
