6,0.776316,1
16,6,0.486842,2
16,0.644737,1
200,6,0.407895,2
200,16,6,0.236842,3
200,16,0.394737,2
200,0.631579,1
2,6,0.486842,2
2,16,6,0.276316,3
2,16,0.368421,2
2,200,6,0.289474,3
2,200,16,0.263158,3
2,200,0.407895,2
2,0.605263,1
5,6,0.578947,2
5,16,6,0.328947,3
5,16,0.342105,2
5,200,6,0.25,3
5,200,0.263158,2
5,2,6,0.381579,3
5,2,200,0.210526,3
5,2,0.394737,2
5,0.592105,1
14,6,0.539474,2
14,16,6,0.315789,3
14,16,0.342105,2
14,200,6,0.210526,3
14,200,0.236842,2
14,2,6,0.315789,3
14,2,0.342105,2
14,5,6,0.473684,3
14,5,16,6,0.276316,4
14,5,16,0.289474,3
14,5,2,6,0.289474,4
14,5,2,0.302632,3
14,5,0.486842,2
14,0.565789,1
13,6,0.526316,2
13,5,6,0.447368,3
13,5,0.460526,2
13,14,6,0.407895,3
13,14,5,6,0.394737,4
13,14,5,0.407895,3
13,14,0.421053,2
13,16,6,0.342105,3
13,16,5,6,0.289474,4
13,16,5,0.302632,3
13,16,14,6,5,0.263158,5
13,16,14,6,0.263158,4
13,16,14,5,0.276316,4
13,16,14,0.276316,3
13,16,0.381579,2
13,2,6,0.315789,3
13,2,5,6,0.263158,4
13,2,5,0.276316,3
13,2,14,6,0.223684,4
13,2,14,5,6,0.210526,5
13,2,14,5,0.223684,4
13,2,14,0.236842,3
13,2,16,0.210526,3
13,2,0.342105,2
13,200,6,0.210526,3
13,200,0.25,2
13,0.565789,1
3,6,0.368421,2
3,16,6,0.276316,3
3,16,0.407895,2
3,200,6,0.315789,3
3,200,16,6,0.223684,4
3,200,16,0.355263,3
3,200,0.5,2
3,2,6,0.25,3
3,2,16,0.263158,3
3,2,200,6,0.223684,4
3,2,200,16,0.236842,4
3,2,200,0.315789,3
3,2,0.342105,2
3,5,6,0.223684,3
3,5,0.223684,2
3,0.552632,1
8,6,0.315789,2
8,16,6,0.25,3
8,16,0.394737,2
8,200,6,0.25,3
8,200,16,0.342105,3
8,200,0.460526,2
8,2,6,0.210526,3
8,2,16,0.25,3
8,2,200,16,0.223684,4
8,2,200,0.289474,3
8,2,0.315789,2
8,3,6,0.289474,3
8,3,16,6,0.236842,4
8,3,16,0.368421,3
8,3,200,6,0.25,4
8,3,200,16,0.328947,4
8,3,200,0.434211,3
8,3,2,6,0.210526,4
8,3,2,16,0.25,4
8,3,2,200,16,0.223684,5
8,3,2,200,0.276316,4
8,3,2,0.302632,3
8,3,0.473684,2
8,0.526316,1
1,200,0.394737,2
1,3,200,0.328947,3
1,3,0.355263,2
1,2,200,0.263158,3
1,2,3,0.223684,3
1,2,0.355263,2
1,16,200,0.263158,3
1,16,3,200,0.236842,4
1,16,3,0.263158,3
1,16,2,0.25,3
1,16,0.342105,2
1,8,200,0.302632,3
1,8,3,200,0.289474,4
1,8,3,0.315789,3
1,8,2,3,0.210526,4
1,8,2,0.223684,3
1,8,16,200,3,0.210526,5
1,8,16,200,0.210526,4
1,8,16,3,0.236842,4
1,8,16,0.236842,3
1,8,0.328947,2
1,6,200,0.223684,3
1,6,3,0.210526,3
1,6,2,0.25,3
1,6,16,0.223684,3
1,6,0.315789,2
1,13,2,0.210526,3
1,13,6,0.223684,3
1,13,0.25,2
1,5,2,0.210526,3
1,5,6,0.223684,3
1,5,0.236842,2
1,0.486842,1
10,6,0.355263,2
10,3,6,0.210526,3
10,3,0.328947,2
10,16,6,0.236842,3
10,16,3,0.25,3
10,16,0.328947,2
10,8,3,0.289474,3
10,8,16,3,0.223684,4
10,8,16,0.25,3
10,8,0.315789,2
10,200,3,0.276316,3
10,200,16,0.210526,3
10,200,8,3,0.25,4
10,200,8,0.263158,3
10,200,0.302632,2
10,2,6,0.236842,3
10,2,0.289474,2
10,1,3,0.223684,3
10,1,0.263158,2
10,13,6,0.236842,3
10,13,0.263158,2
10,14,6,0.236842,3
10,14,0.25,2
10,5,14,6,0.210526,4
10,5,14,0.210526,3
10,5,6,0.25,3
10,5,0.25,2
10,0.486842,1
11,200,0.394737,2
11,6,200,0.276316,3
11,6,0.355263,2
11,2,200,0.276316,3
11,2,6,200,0.210526,4
11,2,6,0.263158,3
11,2,0.328947,2
11,1,200,0.25,3
11,1,2,0.236842,3
11,1,0.289474,2
11,3,200,0.276316,3
11,3,0.276316,2
11,5,6,0.263158,3
11,5,2,6,0.210526,4
11,5,2,0.223684,3
11,5,0.276316,2
11,8,3,200,0.25,4
11,8,3,0.25,3
11,8,200,0.263158,3
11,8,0.263158,2
11,13,6,0.223684,3
11,13,2,0.210526,3
11,13,0.25,2
11,16,0.25,2
11,14,6,0.210526,3
11,14,0.236842,2
11,0.473684,1
4,16,6,0.263158,3
4,16,0.263158,2
4,2,6,0.263158,3
4,2,0.263158,2
4,5,16,6,0.25,4
4,5,16,0.25,3
4,5,2,6,0.25,4
4,5,2,0.25,3
4,5,6,0.407895,3
4,5,0.407895,2
4,14,16,6,0.263158,4
4,14,16,0.263158,3
4,14,2,6,0.236842,4
4,14,2,0.236842,3
4,14,5,16,6,0.25,5
4,14,5,16,0.25,4
4,14,5,2,6,0.223684,5
4,14,5,2,0.223684,4
4,14,5,6,0.381579,4
4,14,5,0.381579,3
4,14,6,0.407895,3
4,14,0.407895,2
4,13,16,6,0.236842,4
4,13,16,0.236842,3
4,13,5,16,6,0.236842,5
4,13,5,16,0.236842,4
4,13,5,6,0.342105,4
4,13,5,0.342105,3
4,13,14,16,6,0.236842,5
4,13,14,16,0.236842,4
4,13,14,5,16,6,0.236842,6
4,13,14,5,16,0.236842,5
4,13,14,5,6,0.315789,5
4,13,14,5,0.315789,4
4,13,14,6,0.328947,4
4,13,14,0.328947,3
4,13,6,0.355263,3
4,13,0.355263,2
4,6,0.434211,2
4,0.434211,1
7,8,0.394737,2
7,3,8,0.368421,3
7,3,0.381579,2
7,200,8,0.342105,3
7,200,3,8,0.328947,4
7,200,3,0.342105,3
7,200,0.355263,2
7,16,3,8,0.289474,4
7,16,3,0.289474,3
7,16,200,3,8,0.25,5
7,16,200,3,0.25,4
7,16,200,8,0.263158,4
7,16,200,0.263158,3
7,16,8,0.315789,3
7,16,0.315789,2
7,10,8,0.289474,3
7,10,3,8,0.263158,4
7,10,3,0.276316,3
7,10,200,8,0.236842,4
7,10,200,3,8,0.223684,5
7,10,200,3,0.236842,4
7,10,200,0.25,3
7,10,16,8,0.223684,4
7,10,16,0.223684,3
7,10,0.302632,2
7,1,8,3,0.25,4
7,1,8,0.25,3
7,1,200,8,3,0.223684,5
7,1,200,8,0.223684,4
7,1,200,3,0.236842,4
7,1,200,0.236842,3
7,1,3,0.263158,3
7,1,0.263158,2
7,6,8,0.210526,3
7,6,3,0.210526,3
7,6,0.223684,2
7,2,8,3,0.210526,4
7,2,8,0.210526,3
7,2,3,0.210526,3
7,2,0.210526,2
7,0.407895,1
12,6,0.381579,2
12,14,6,0.355263,3
12,14,0.355263,2
12,4,6,14,0.315789,4
12,4,6,0.315789,3
12,4,14,0.315789,3
12,4,0.315789,2
12,13,14,6,0.276316,4
12,13,14,0.276316,3
12,13,4,6,14,0.263158,5
12,13,4,6,0.263158,4
12,13,4,14,0.263158,4
12,13,4,0.263158,3
12,13,6,0.302632,3
12,13,0.302632,2
12,5,4,6,14,0.289474,5
12,5,4,6,0.289474,4
12,5,4,14,0.289474,4
12,5,4,0.289474,3
12,5,13,4,6,14,0.25,6
12,5,13,4,6,0.25,5
12,5,13,4,14,0.25,5
12,5,13,4,0.25,4
12,5,13,6,14,0.263158,5
12,5,13,6,0.263158,4
12,5,13,14,0.263158,4
12,5,13,0.263158,3
12,5,6,14,0.302632,4
12,5,6,0.302632,3
12,5,14,0.302632,3
12,5,0.302632,2
12,16,6,0.223684,3
12,16,14,6,0.210526,4
12,16,14,0.210526,3
12,16,0.236842,2
12,0.394737,1
100,4,6,0.355263,3
100,4,0.355263,2
100,14,6,4,0.328947,4
100,14,6,0.328947,3
100,14,4,0.328947,3
100,14,0.328947,2
100,5,14,6,4,0.302632,5
100,5,14,6,0.302632,4
100,5,14,4,0.302632,4
100,5,14,0.302632,3
100,5,6,4,0.328947,4
100,5,6,0.328947,3
100,5,4,0.328947,3
100,5,0.328947,2
100,13,4,6,0.302632,4
100,13,4,0.302632,3
100,13,14,6,4,0.276316,5
100,13,14,6,0.276316,4
100,13,14,4,0.276316,4
100,13,14,0.276316,3
100,13,5,14,6,4,0.263158,6
100,13,5,14,6,0.263158,5
100,13,5,14,4,0.263158,5
100,13,5,14,0.263158,4
100,13,5,6,4,0.289474,5
100,13,5,6,0.289474,4
100,13,5,4,0.289474,4
100,13,5,0.289474,3
100,13,6,0.315789,3
100,13,0.315789,2
100,12,4,6,0.25,4
100,12,4,0.25,3
100,12,14,6,4,0.25,5
100,12,14,6,0.25,4
100,12,14,4,0.25,4
100,12,14,0.25,3
100,12,5,6,4,14,0.223684,6
100,12,5,6,4,0.223684,5
100,12,5,6,14,0.223684,5
100,12,5,6,0.223684,4
100,12,5,4,14,0.223684,5
100,12,5,4,0.223684,4
100,12,5,14,0.223684,4
100,12,5,0.223684,3
100,12,13,4,6,0.223684,5
100,12,13,4,0.223684,4
100,12,13,14,6,4,0.223684,6
100,12,13,14,6,0.223684,5
100,12,13,14,4,0.223684,5
100,12,13,14,0.223684,4
100,12,13,5,6,4,14,0.210526,7
100,12,13,5,6,4,0.210526,6
100,12,13,5,6,14,0.210526,6
100,12,13,5,6,0.210526,5
100,12,13,5,4,14,0.210526,6
100,12,13,5,4,0.210526,5
100,12,13,5,14,0.210526,5
100,12,13,5,0.210526,4
100,12,13,6,0.236842,4
100,12,13,0.236842,3
100,12,6,0.263158,3
100,12,0.263158,2
100,16,5,6,4,14,0.236842,6
100,16,5,6,4,0.236842,5
100,16,5,6,14,0.236842,5
100,16,5,6,0.236842,4
100,16,5,4,14,0.236842,5
100,16,5,4,0.236842,4
100,16,5,14,0.236842,4
100,16,5,0.236842,3
100,16,13,6,4,14,5,0.223684,7
100,16,13,6,4,14,0.223684,6
100,16,13,6,4,5,0.223684,6
100,16,13,6,4,0.223684,5
100,16,13,6,14,5,0.223684,6
100,16,13,6,14,0.223684,5
100,16,13,6,5,0.223684,5
100,16,13,6,0.223684,4
100,16,13,4,14,5,0.223684,6
100,16,13,4,14,0.223684,5
100,16,13,4,5,0.223684,5
100,16,13,4,0.223684,4
100,16,13,14,5,0.223684,5
100,16,13,14,0.223684,4
100,16,13,5,0.223684,4
100,16,13,0.223684,3
100,16,6,4,14,0.25,5
100,16,6,4,0.25,4
100,16,6,14,0.25,4
100,16,6,0.25,3
100,16,4,14,0.25,4
100,16,4,0.25,3
100,16,14,0.25,3
100,16,0.25,2
100,6,0.368421,2
100,0.368421,1
9,8,0.315789,2
9,3,8,0.276316,3
9,3,0.315789,2
9,200,8,0.289474,3
9,200,3,8,0.263158,4
9,200,3,0.289474,3
9,200,0.315789,2
9,7,8,0.25,3
9,7,3,8,0.236842,4
9,7,3,0.25,3
9,7,200,8,0.236842,4
9,7,200,3,8,0.223684,5
9,7,200,3,0.236842,4
9,7,200,0.25,3
9,7,0.263158,2
9,16,8,0.236842,3
9,16,3,8,0.223684,4
9,16,3,0.25,3
9,16,200,8,0.223684,4
9,16,200,3,8,0.210526,5
9,16,200,3,0.223684,4
9,16,200,0.236842,3
9,16,7,8,0.210526,4
9,16,7,0.210526,3
9,16,0.263158,2
9,1,8,200,0.223684,4
9,1,8,0.223684,3
9,1,3,8,200,0.210526,5
9,1,3,8,0.210526,4
9,1,3,200,0.236842,4
9,1,3,0.236842,3
9,1,200,0.25,3
9,1,0.25,2
9,10,0.210526,2
9,0.355263,1
15,3,200,0.223684,3
15,3,0.223684,2
15,8,3,200,0.223684,4
15,8,3,0.223684,3
15,8,200,0.25,3
15,8,0.25,2
15,200,0.263158,2
15,0.263158,1
